eid
2-s2.0-84903363839
2-s2.0-84887965443
2-s2.0-84887892210
2-s2.0-84887868619
2-s2.0-84891393366
2-s2.0-84891388955
2-s2.0-84891375141
2-s2.0-84890851623
2-s2.0-84890814962
2-s2.0-84889095099
2-s2.0-84891370523
2-s2.0-84896530555
2-s2.0-84891614261
2-s2.0-84891602570
2-s2.0-84891600492
2-s2.0-84891359914
2-s2.0-84890450479
2-s2.0-84887738904
2-s2.0-84889654699
2-s2.0-84894107172
2-s2.0-84890286087
2-s2.0-84891429666
2-s2.0-84891425409
2-s2.0-84891419952
2-s2.0-84891381305
2-s2.0-84890448095
2-s2.0-84890017409
2-s2.0-84883330610
2-s2.0-84887492225
2-s2.0-84889802620
2-s2.0-84889781757
2-s2.0-84887844524
2-s2.0-84890454542
2-s2.0-84890404566
2-s2.0-84890379280
2-s2.0-84890285793
2-s2.0-84889264828
2-s2.0-84889264299
2-s2.0-84889262878
2-s2.0-84889246289
2-s2.0-84890513935
2-s2.0-84890465802
2-s2.0-84889053665
2-s2.0-84887448170
2-s2.0-84886849261
2-s2.0-84890217670
2-s2.0-84890423317
2-s2.0-84888813792
2-s2.0-84888809699
2-s2.0-84888791887
2-s2.0-84888787248
2-s2.0-84888777237
2-s2.0-84889868348
2-s2.0-84888989154
2-s2.0-84888998626
2-s2.0-84889780248
2-s2.0-84888361910
2-s2.0-84888347351
2-s2.0-84888324996
2-s2.0-84888319143
2-s2.0-84887433031
2-s2.0-84898074402
2-s2.0-84898063528
2-s2.0-84897802976
2-s2.0-84897670092
2-s2.0-84897662957
2-s2.0-84897651273
2-s2.0-84897606056
2-s2.0-84896804233
2-s2.0-84894848540
2-s2.0-84894806490
2-s2.0-84894800590
2-s2.0-84894306082
2-s2.0-84893980980
2-s2.0-84893802179
2-s2.0-84893708581
2-s2.0-84893662919
2-s2.0-84893603370
2-s2.0-84893580215
2-s2.0-84893574085
2-s2.0-84893561450
2-s2.0-84893526889
2-s2.0-84892658505
2-s2.0-84892497914
2-s2.0-84892430425
2-s2.0-84892396286
2-s2.0-84892388473
2-s2.0-84892154260
2-s2.0-84891721618
2-s2.0-84891719924
2-s2.0-84891715354
2-s2.0-84891703308
2-s2.0-84891702339
2-s2.0-84891690846
2-s2.0-84891684703
2-s2.0-84891676587
2-s2.0-84891615920
2-s2.0-84891602800
2-s2.0-84891499059
2-s2.0-84891498739
2-s2.0-84891433623
2-s2.0-84890871432
2-s2.0-84890735877
2-s2.0-84890604750
2-s2.0-84890573058
2-s2.0-84890435767
2-s2.0-84890431905
2-s2.0-84890071300
2-s2.0-84889653455
2-s2.0-84889578290
2-s2.0-84888641242
2-s2.0-84888638202
2-s2.0-84888390848
2-s2.0-84888368909
2-s2.0-84887920068
2-s2.0-84887830062
2-s2.0-84886309229
2-s2.0-84885858485
2-s2.0-84885673405
2-s2.0-84885664174
2-s2.0-84885484734
2-s2.0-84885482308
2-s2.0-84885481453
2-s2.0-84885480671
2-s2.0-84885477567
2-s2.0-84885476831
2-s2.0-84885476710
2-s2.0-84885474621
2-s2.0-84885471002
2-s2.0-84881130168
2-s2.0-84888236203
2-s2.0-84887580476
2-s2.0-84886792128
2-s2.0-84888607095
2-s2.0-84889589731
2-s2.0-84889569300
2-s2.0-84889262429
2-s2.0-84889238224
2-s2.0-84888097560
2-s2.0-84887838705
2-s2.0-84888874929
2-s2.0-84888874588
2-s2.0-84888872064
2-s2.0-84888619690
2-s2.0-84888584171
2-s2.0-84888627239
2-s2.0-84888620940
2-s2.0-84888616894
2-s2.0-84887844562
2-s2.0-84888611722
2-s2.0-84888597879
2-s2.0-84886942629
2-s2.0-84886926842
2-s2.0-84889593248
2-s2.0-84887586980
2-s2.0-84888426190
2-s2.0-84888404346
2-s2.0-84887497996
2-s2.0-84887473645
2-s2.0-84887462470
2-s2.0-84887452495
2-s2.0-84887421235
2-s2.0-84887337132
2-s2.0-84885588464
2-s2.0-84879242440
2-s2.0-84874824932
2-s2.0-84887384415
2-s2.0-84887382720
2-s2.0-84887380118
2-s2.0-84887379658
2-s2.0-84887348879
2-s2.0-84887323846
2-s2.0-84887322680
2-s2.0-84887259414
2-s2.0-84887252233
2-s2.0-84887100761
2-s2.0-84887028271
2-s2.0-84886248127
2-s2.0-84884592528
2-s2.0-84884586351
2-s2.0-84879968591
2-s2.0-84912036027
2-s2.0-84887905755
2-s2.0-84885414035
2-s2.0-84887842418
2-s2.0-84887835429
2-s2.0-84887257553
2-s2.0-84887225324
2-s2.0-84887592508
2-s2.0-84887568004
2-s2.0-84889655409
2-s2.0-84887112409
2-s2.0-84887051305
2-s2.0-84880878275
2-s2.0-84889855210
2-s2.0-84888422021
2-s2.0-84888414638
2-s2.0-84886852773
2-s2.0-84886848329
2-s2.0-84885675576
2-s2.0-84885674910
2-s2.0-84885163469
2-s2.0-84885157580
2-s2.0-84885095704
2-s2.0-84887676110
2-s2.0-84886794544
2-s2.0-84886777691
2-s2.0-84889793332
2-s2.0-84887469097
2-s2.0-84886713631
2-s2.0-84886706423
2-s2.0-84886702513
2-s2.0-84886700525
2-s2.0-84900668170
2-s2.0-84891505729
2-s2.0-84890452322
2-s2.0-84890049458
2-s2.0-84889073295
2-s2.0-84889053031
2-s2.0-84888217342
2-s2.0-84888203107
2-s2.0-84888015852
2-s2.0-84887989873
2-s2.0-84887974251
2-s2.0-84887938712
2-s2.0-84887896004
2-s2.0-84887885552
2-s2.0-84887876141
2-s2.0-84887872403
2-s2.0-84887860944
2-s2.0-84887818166
2-s2.0-84887772087
2-s2.0-84887625134
2-s2.0-84887621329
2-s2.0-84887318675
2-s2.0-84887108437
2-s2.0-84887077494
2-s2.0-84886627814
2-s2.0-84886616883
2-s2.0-84885310728
2-s2.0-84885308065
2-s2.0-84885301672
2-s2.0-84885295831
2-s2.0-84885293286
2-s2.0-84885292350
2-s2.0-84884586913
2-s2.0-84884536996
2-s2.0-84883889184
2-s2.0-84881047861
2-s2.0-84884987440
2-s2.0-84884974773
2-s2.0-84886313387
2-s2.0-84886296952
2-s2.0-84884822133
2-s2.0-84886783709
2-s2.0-84887007030
2-s2.0-84886992262
2-s2.0-84886516420
2-s2.0-84886489652
2-s2.0-84886451220
2-s2.0-84885663905
2-s2.0-84885654442
2-s2.0-84885637221
2-s2.0-84885636610
2-s2.0-84885630867
2-s2.0-84885620473
2-s2.0-84885612158
2-s2.0-84885604537
2-s2.0-84885600954
2-s2.0-84885597584
2-s2.0-84885592401
2-s2.0-84885584100
2-s2.0-84885579700
2-s2.0-84885577908
2-s2.0-84884889455
2-s2.0-84886021363
2-s2.0-84886020598
2-s2.0-84885973139
2-s2.0-84887222793
2-s2.0-84885449031
2-s2.0-84883466033
2-s2.0-84883181197
2-s2.0-84883173912
2-s2.0-84886432086
2-s2.0-84886061279
2-s2.0-84886031145
2-s2.0-84884163679
2-s2.0-84884139213
2-s2.0-84885456527
2-s2.0-84885611020
2-s2.0-84885466642
2-s2.0-84885457201
2-s2.0-84885455155
2-s2.0-84885414062
2-s2.0-84884593402
2-s2.0-84886894303
2-s2.0-84886875101
2-s2.0-84885463185
2-s2.0-84885462053
2-s2.0-84884899750
2-s2.0-84884897117
2-s2.0-84884857602
2-s2.0-84884830032
2-s2.0-84884229776
2-s2.0-84883325378
2-s2.0-84884798862
2-s2.0-84884795285
2-s2.0-84884741214
2-s2.0-84885167509
2-s2.0-84885135023
2-s2.0-84885121996
2-s2.0-84885107292
2-s2.0-84885099026
2-s2.0-84901824042
2-s2.0-84891593180
2-s2.0-84891551464
2-s2.0-84891540997
2-s2.0-84890483823
2-s2.0-84889068793
2-s2.0-84889051842
2-s2.0-84888622500
2-s2.0-84887785571
2-s2.0-84887546780
2-s2.0-84887124863
2-s2.0-84886091908
2-s2.0-84886086293
2-s2.0-84884995803
2-s2.0-84884978159
2-s2.0-84880951267
2-s2.0-84880948769
2-s2.0-84885676223
2-s2.0-84885674078
2-s2.0-84884580086
2-s2.0-84884574628
2-s2.0-84884555996
2-s2.0-84885074599
2-s2.0-84885059405
2-s2.0-84885044688
2-s2.0-84885062141
2-s2.0-84884572733
2-s2.0-84884542186
2-s2.0-84882864193
2-s2.0-84880631862
2-s2.0-84884939477
2-s2.0-84884932798
2-s2.0-84884832151
2-s2.0-84884323102
2-s2.0-84884313153
2-s2.0-84884582798
2-s2.0-84884261006
2-s2.0-84883164981
2-s2.0-84884200881
2-s2.0-84884171914
2-s2.0-84883180478
2-s2.0-84884552674
2-s2.0-84884820377
2-s2.0-84883756421
2-s2.0-84884872559
2-s2.0-84884867947
2-s2.0-84884854108
2-s2.0-84881317787
2-s2.0-84881314055
2-s2.0-84881311587
2-s2.0-84881310642
2-s2.0-84880333531
2-s2.0-84877694483
2-s2.0-84884931902
2-s2.0-84881398550
2-s2.0-84884266250
2-s2.0-84884265682
2-s2.0-84884262479
2-s2.0-84884242251
2-s2.0-84884216964
2-s2.0-84883516612
2-s2.0-84884181870
2-s2.0-84884543845
2-s2.0-84883380683
2-s2.0-84883352295
2-s2.0-84884943448
2-s2.0-84881426433
2-s2.0-84878444168
2-s2.0-84883689281
2-s2.0-84883185449
2-s2.0-84883161946
2-s2.0-84883138378
2-s2.0-84883130061
2-s2.0-84883102994
2-s2.0-84883056133
2-s2.0-84881318352
2-s2.0-84881316909
2-s2.0-84881314131
2-s2.0-84881314021
2-s2.0-84881313252
2-s2.0-85015469129
2-s2.0-84979196674
2-s2.0-84893128809
2-s2.0-84886929019
2-s2.0-84886780914
2-s2.0-84886298680
2-s2.0-84885447571
2-s2.0-84885445716
2-s2.0-84885384903
2-s2.0-84885376463
2-s2.0-84885341408
2-s2.0-84885143540
2-s2.0-84885134751
2-s2.0-84884921730
2-s2.0-84884179761
2-s2.0-84883758763
2-s2.0-84883379456
2-s2.0-84883158183
2-s2.0-84882716799
2-s2.0-84880772772
2-s2.0-84879693680
2-s2.0-84877351989
2-s2.0-84880774181
2-s2.0-84882997356
2-s2.0-84882982974
2-s2.0-84882454612
2-s2.0-84955572127
2-s2.0-84883440675
2-s2.0-84884194070
2-s2.0-84884181554
2-s2.0-84883875552
2-s2.0-84883872043
2-s2.0-84883868781
2-s2.0-84883862559
2-s2.0-84883308687
2-s2.0-84883300914
2-s2.0-84883276128
2-s2.0-84883272816
2-s2.0-84883262122
2-s2.0-84883228080
2-s2.0-84884181265
2-s2.0-84883012950
2-s2.0-84882336094
2-s2.0-84882321008
2-s2.0-84881640172
2-s2.0-84883300753
2-s2.0-84883021857
2-s2.0-84882675039
2-s2.0-84881466222
2-s2.0-84881462246
2-s2.0-84881422773
2-s2.0-84881407524
2-s2.0-84879797227
2-s2.0-84879797119
2-s2.0-84878558078
2-s2.0-84882953441
2-s2.0-84882739770
2-s2.0-84881600958
2-s2.0-84881580885
2-s2.0-84881288874
2-s2.0-84881266880
2-s2.0-84882287984
2-s2.0-84882252687
2-s2.0-84884523935
2-s2.0-84882416926
2-s2.0-84882351122
2-s2.0-84881189748
2-s2.0-84881157704
2-s2.0-84881128515
2-s2.0-84881126638
2-s2.0-84881113095
2-s2.0-84881109763
2-s2.0-84881096219
2-s2.0-84881095594
2-s2.0-84881090759
2-s2.0-84881087407
2-s2.0-84881253515
2-s2.0-84881005692
2-s2.0-84880999830
2-s2.0-84889090683
2-s2.0-84881633934
2-s2.0-84883204673
2-s2.0-84883179357
2-s2.0-84883141524
2-s2.0-84882646906
2-s2.0-84882452604
2-s2.0-84882264487
2-s2.0-84881667817
2-s2.0-84881232672
2-s2.0-84880725740
2-s2.0-84880305206
2-s2.0-84880296318
2-s2.0-84880293546
2-s2.0-84880285137
2-s2.0-84879807240
2-s2.0-84879420950
2-s2.0-84879418424
2-s2.0-84882348390
2-s2.0-84880537349
2-s2.0-84880534385
2-s2.0-84882295061
2-s2.0-84879935588
2-s2.0-84880413979
2-s2.0-84880405747
2-s2.0-84879697729
2-s2.0-84880806760
2-s2.0-84880778048
2-s2.0-84880773366
2-s2.0-84880764047
2-s2.0-84880666487
2-s2.0-84885008762
2-s2.0-84884993626
2-s2.0-84880830863
2-s2.0-84879928317
2-s2.0-84890568333
2-s2.0-84881282352
2-s2.0-84879463298
2-s2.0-84878185200
2-s2.0-84892569675
2-s2.0-84880093909
2-s2.0-84880388287
2-s2.0-84880064281
2-s2.0-84880048972
2-s2.0-84880048764
2-s2.0-84881531276
2-s2.0-84881511573
2-s2.0-84881503884
2-s2.0-84878295241
2-s2.0-84878013242
2-s2.0-84880361531
2-s2.0-84880353809
2-s2.0-84880226618
2-s2.0-84879990017
2-s2.0-84880142844
2-s2.0-84880180634
2-s2.0-84880077038
2-s2.0-84880058848
2-s2.0-84879970890
2-s2.0-84880166906
2-s2.0-84880152913
2-s2.0-84883247911
2-s2.0-84883230877
2-s2.0-84879575345
2-s2.0-84879540884
2-s2.0-84879820525
2-s2.0-84884901758
2-s2.0-85003047855
2-s2.0-84888372288
2-s2.0-84887452311
2-s2.0-84887446973
2-s2.0-84883826122
2-s2.0-84881390004
2-s2.0-84880995336
2-s2.0-84880764611
2-s2.0-84880537602
2-s2.0-84880174982
2-s2.0-84880162460
2-s2.0-84880140910
2-s2.0-84880140830
2-s2.0-84879719385
2-s2.0-84879539300
2-s2.0-84879535844
2-s2.0-84879523120
2-s2.0-84879168195
2-s2.0-84879079949
2-s2.0-84877754111
2-s2.0-84877576123
2-s2.0-84877575070
2-s2.0-84877059513
2-s2.0-84879871263
2-s2.0-84878742233
2-s2.0-84879518072
2-s2.0-84879635309
2-s2.0-84879867875
2-s2.0-84879867111
2-s2.0-84879139007
2-s2.0-84880771028
2-s2.0-84878305437
2-s2.0-84878268906
2-s2.0-84878896394
2-s2.0-84880049000
2-s2.0-84879825949
2-s2.0-84879816229
2-s2.0-84878875507
2-s2.0-84879219328
2-s2.0-84878805610
2-s2.0-84878390871
2-s2.0-84879110349
2-s2.0-84879096715
2-s2.0-84878700951
2-s2.0-84878697840
2-s2.0-84878679783
2-s2.0-84879071944
2-s2.0-84878541766
2-s2.0-84878160702
2-s2.0-84878150706
2-s2.0-84877049721
2-s2.0-84879350459
2-s2.0-84879343824
2-s2.0-84879221891
2-s2.0-84878542847
2-s2.0-84878456296
2-s2.0-84878435328
2-s2.0-84879865973
2-s2.0-84878387724
2-s2.0-84875011251
2-s2.0-84878321023
2-s2.0-84878279102
2-s2.0-84878271916
2-s2.0-84878270891
2-s2.0-84962706809
2-s2.0-84962628933
2-s2.0-84892986618
2-s2.0-84891453641
2-s2.0-84881570932
2-s2.0-84880992576
2-s2.0-84880980976
2-s2.0-84880859914
2-s2.0-84880553715
2-s2.0-84880530742
2-s2.0-84880076842
2-s2.0-84879917389
2-s2.0-84879247405
2-s2.0-84879247201
2-s2.0-84879245801
2-s2.0-84879245673
2-s2.0-84879243909
2-s2.0-84879239398
2-s2.0-84879239246
2-s2.0-84879235961
2-s2.0-84879232028
2-s2.0-84879230989
2-s2.0-84879224589
2-s2.0-84879223262
2-s2.0-84879219234
2-s2.0-84879217650
2-s2.0-84879206571
2-s2.0-84879196510
2-s2.0-84879195337
2-s2.0-84879015816
2-s2.0-84878881550
2-s2.0-84878856347
2-s2.0-84878713035
2-s2.0-84878705983
2-s2.0-84878655982
2-s2.0-84878542175
2-s2.0-84878213227
2-s2.0-84877700419
2-s2.0-84878375405
2-s2.0-84878206698
2-s2.0-84878176008
2-s2.0-84878170101
2-s2.0-84878139145
2-s2.0-84878136152
2-s2.0-84878134823
2-s2.0-84878126768
2-s2.0-84878116586
2-s2.0-84886981663
2-s2.0-84879106316
2-s2.0-84879085803
2-s2.0-84877974388
2-s2.0-84877275790
2-s2.0-84877273625
2-s2.0-84877270410
2-s2.0-84879107588
2-s2.0-84877961067
2-s2.0-84891570040
2-s2.0-84878119554
2-s2.0-84996139498
2-s2.0-84878342037
2-s2.0-84878295965
2-s2.0-84878408810
2-s2.0-84878393262
2-s2.0-84877803671
2-s2.0-84877777007
2-s2.0-84876740047
2-s2.0-84878536723
2-s2.0-84878358395
2-s2.0-84878357755
2-s2.0-84878352529
2-s2.0-84877752124
2-s2.0-84877740908
2-s2.0-84877739474
2-s2.0-84880278363
2-s2.0-84874062346
2-s2.0-84878082488
2-s2.0-84877765521
2-s2.0-84877749425
2-s2.0-84877731930
2-s2.0-84877726683
2-s2.0-84877270193
2-s2.0-84876736828
2-s2.0-84876586024
2-s2.0-84877357255
2-s2.0-84877355398
2-s2.0-84877354611
2-s2.0-84877332652
2-s2.0-84877321603
2-s2.0-84876953583
2-s2.0-84878600411
2-s2.0-84877298202
2-s2.0-84876895003
2-s2.0-84876736811
2-s2.0-84884973834
2-s2.0-84880872072
2-s2.0-84880858566
2-s2.0-84879702492
2-s2.0-84878166332
2-s2.0-84878164353
2-s2.0-84877971240
2-s2.0-84877916757
2-s2.0-84877773717
2-s2.0-84877763886
2-s2.0-84877750972
2-s2.0-84876937445
2-s2.0-84876906947
2-s2.0-84876869092
2-s2.0-84876768656
2-s2.0-84876751001
2-s2.0-84876745410
2-s2.0-84876683734
2-s2.0-84876674501
2-s2.0-84876672845
2-s2.0-84876671547
2-s2.0-84876668069
2-s2.0-84876524811
2-s2.0-84876494853
2-s2.0-84874717959
2-s2.0-84874666418
2-s2.0-84877025639
2-s2.0-84876738564
2-s2.0-84876738212
2-s2.0-84876697515
2-s2.0-84876695872
2-s2.0-84877309168
2-s2.0-84877281283
2-s2.0-84876550342
2-s2.0-84876424735
2-s2.0-84875610886
2-s2.0-84876724843
2-s2.0-84877119259
2-s2.0-84876960455
2-s2.0-84876222690
2-s2.0-84876588145
2-s2.0-84877789323
2-s2.0-84875664029
2-s2.0-84884812089
2-s2.0-84875827625
2-s2.0-84876026496
2-s2.0-84875024722
2-s2.0-84875965576
2-s2.0-84875961489
2-s2.0-84875952237
2-s2.0-84875950531
2-s2.0-84875932316
2-s2.0-84875887818
2-s2.0-84876068855
2-s2.0-84876054060
2-s2.0-84876051720
2-s2.0-84875846212
2-s2.0-84875837213
2-s2.0-84875993030
2-s2.0-84875984212
2-s2.0-84884813055
2-s2.0-84876403526
2-s2.0-84876387449
2-s2.0-84876362199
2-s2.0-84875754113
2-s2.0-84875711651
2-s2.0-84875700346
2-s2.0-84875697762
2-s2.0-84875696267
2-s2.0-84874900236
2-s2.0-84874884463
2-s2.0-84877000129
2-s2.0-84875475770
2-s2.0-84875447323
2-s2.0-84875437906
2-s2.0-84875426060
2-s2.0-84875423118
2-s2.0-84875410164
2-s2.0-84896777570
2-s2.0-84884213761
2-s2.0-84884165050
2-s2.0-84883276582
2-s2.0-84880763267
2-s2.0-84877350609
2-s2.0-84876670365
2-s2.0-84876503462
2-s2.0-84876157570
2-s2.0-84876148024
2-s2.0-84876135354
2-s2.0-84876128248
2-s2.0-84876123857
2-s2.0-84876121481
2-s2.0-84875852671
2-s2.0-84875839646
2-s2.0-84875227109
2-s2.0-84875220353
2-s2.0-84874950505
2-s2.0-84859791189
2-s2.0-84873738641
2-s2.0-84874832479
2-s2.0-84875741839
2-s2.0-84880070297
2-s2.0-84876281659
2-s2.0-84875674680
2-s2.0-84875671466
2-s2.0-84875653263
2-s2.0-84875630892
2-s2.0-84875581622
2-s2.0-84880901136
2-s2.0-84879841832
2-s2.0-84875181507
2-s2.0-84875137992
2-s2.0-84875135898
2-s2.0-84884702598
2-s2.0-84875429329
2-s2.0-84875755375
2-s2.0-84875459048
2-s2.0-84874035460
2-s2.0-84874174333
2-s2.0-84875734362
2-s2.0-84875693521
2-s2.0-84874884432
2-s2.0-84874251835
2-s2.0-84872201147
2-s2.0-84875186627
2-s2.0-84875180625
2-s2.0-84874961490
2-s2.0-84874768219
2-s2.0-84874892723
2-s2.0-84874750446
2-s2.0-84876540744
2-s2.0-84876923684
2-s2.0-84874041043
2-s2.0-84875164525
2-s2.0-84875129029
2-s2.0-84879549802
2-s2.0-84877799135
2-s2.0-84877268532
2-s2.0-84876280069
2-s2.0-84876252633
2-s2.0-84876230974
2-s2.0-84875842794
2-s2.0-84875518379
2-s2.0-84875367598
2-s2.0-84875327594
2-s2.0-84875255453
2-s2.0-84875182474
2-s2.0-84874767883
2-s2.0-84874617987
2-s2.0-84874598056
2-s2.0-84874597994
2-s2.0-84874043884
2-s2.0-84873436013
2-s2.0-84869080133
2-s2.0-84868467994
2-s2.0-84874595474
2-s2.0-84873930748
2-s2.0-84874431999
2-s2.0-84874076809
2-s2.0-84874617917
2-s2.0-84873955520
2-s2.0-84875435281
2-s2.0-84874543847
2-s2.0-84879884087
2-s2.0-84873701569
2-s2.0-84874510522
2-s2.0-84873624261
2-s2.0-84871911258
2-s2.0-84876543922
2-s2.0-84874304843
2-s2.0-84873316789
2-s2.0-84873293107
2-s2.0-84873690545
2-s2.0-84873661785
2-s2.0-84873659686
2-s2.0-84873656111
2-s2.0-84873639796
2-s2.0-84873628657
2-s2.0-84873621574
2-s2.0-84873618932
2-s2.0-84873467410
2-s2.0-84873384586
2-s2.0-84873345725
2-s2.0-84875852783
2-s2.0-84874992644
2-s2.0-84873400556
2-s2.0-84873356095
2-s2.0-84873851125
2-s2.0-84873355658
2-s2.0-85176367255
2-s2.0-84949176177
2-s2.0-84876558403
2-s2.0-84876208944
2-s2.0-84875477528
2-s2.0-84875198927
2-s2.0-84874301561
2-s2.0-84874078236
2-s2.0-84874041464
2-s2.0-84873742333
2-s2.0-84873739429
2-s2.0-84873719626
2-s2.0-84873716119
2-s2.0-84872791178
2-s2.0-84872789354
2-s2.0-84872363622
2-s2.0-84869489952
2-s2.0-84869097801
2-s2.0-84877772750
2-s2.0-84874011948
2-s2.0-84873319992
2-s2.0-84872948897
2-s2.0-84876915862
2-s2.0-84873615121
2-s2.0-84871739134
2-s2.0-84872675919
2-s2.0-84871605201
2-s2.0-84872875345
2-s2.0-84872864363
2-s2.0-84872851940
2-s2.0-84873868545
2-s2.0-84875456432
2-s2.0-84874647014
2-s2.0-84872827797
2-s2.0-84872736309
2-s2.0-84872731415
2-s2.0-84872955830
2-s2.0-84872553801
2-s2.0-84875606191
2-s2.0-84872743591
2-s2.0-84872737968
2-s2.0-84872709186
2-s2.0-84872697807
2-s2.0-84872057942
2-s2.0-84872041612
2-s2.0-84870980303
2-s2.0-84870523064
2-s2.0-84873057043
2-s2.0-84873056518
2-s2.0-84872155982
2-s2.0-84873060151
2-s2.0-84872352696
2-s2.0-84874029126
2-s2.0-84872189405
2-s2.0-85120982127
2-s2.0-85088758542
2-s2.0-85088723491
2-s2.0-85087603928
2-s2.0-85087598373
2-s2.0-85087595641
2-s2.0-85087193183
2-s2.0-85086682435
2-s2.0-85086490050
2-s2.0-85086489567
2-s2.0-85085404173
2-s2.0-85070763607
2-s2.0-85053212727
2-s2.0-85053175508
2-s2.0-85028513445
2-s2.0-85028104031
2-s2.0-85026430859
2-s2.0-85026228843
2-s2.0-85026220197
2-s2.0-85026203392
2-s2.0-85018899748
2-s2.0-85016890136
2-s2.0-84966539214
2-s2.0-84966539131
2-s2.0-84926371501
2-s2.0-84926190405
2-s2.0-84924583731
2-s2.0-84912105767
2-s2.0-84911920481
2-s2.0-84911900827
2-s2.0-84911866262
2-s2.0-84911494793
2-s2.0-84911489710
2-s2.0-84911484030
2-s2.0-84911473659
2-s2.0-84908298542
2-s2.0-84908176515
2-s2.0-84907327595
2-s2.0-84907305933
2-s2.0-84907300889
2-s2.0-84906837541
2-s2.0-84906666900
2-s2.0-84905392508
2-s2.0-84905276789
2-s2.0-84905254325
2-s2.0-84905251515
2-s2.0-84905239230
2-s2.0-84905232542
2-s2.0-84905017720
2-s2.0-84905012839
2-s2.0-84904958839
2-s2.0-84904917621
2-s2.0-84904916946
2-s2.0-84904916771
2-s2.0-84904916692
2-s2.0-84904916631
2-s2.0-84904915291
2-s2.0-84904914387
2-s2.0-84904913290
2-s2.0-84904913041
2-s2.0-84904907118
2-s2.0-84904906981
2-s2.0-84904905404
2-s2.0-84904904236
2-s2.0-84904902974
2-s2.0-84904902415
2-s2.0-84904901567
2-s2.0-84904898486
2-s2.0-84904898434
2-s2.0-84904891900
2-s2.0-84904890442
2-s2.0-84904889914
2-s2.0-84904889404
2-s2.0-84904884781
2-s2.0-84904878080
2-s2.0-84904876351
2-s2.0-84904872452
2-s2.0-84904870149
2-s2.0-84904868254
2-s2.0-84904868177
2-s2.0-84904867992
2-s2.0-84904860417
2-s2.0-84904860367
2-s2.0-84904663656
2-s2.0-84904162128
2-s2.0-84904017390
2-s2.0-84903789663
2-s2.0-84903469772
2-s2.0-84903255201
2-s2.0-84902558036
2-s2.0-84902318427
2-s2.0-84902310667
2-s2.0-84902214155
2-s2.0-84902034198
2-s2.0-84902015940
2-s2.0-84901331555
2-s2.0-84901293896
2-s2.0-84901293080
2-s2.0-84901217750
2-s2.0-84901198302
2-s2.0-84900468511
2-s2.0-84900309748
2-s2.0-84900307760
2-s2.0-84899878121
2-s2.0-84899869259
2-s2.0-84899864113
2-s2.0-84898766491
2-s2.0-84898731504
2-s2.0-84898406653
2-s2.0-84898012458
2-s2.0-84898005392
2-s2.0-84897993606
2-s2.0-84897970378
2-s2.0-84897449917
2-s2.0-84897440438
2-s2.0-84897077964
2-s2.0-84896896748
2-s2.0-84896800106
2-s2.0-84896756741
2-s2.0-84896634334
2-s2.0-84896531405
2-s2.0-84896529190
2-s2.0-84896483824
2-s2.0-84896480202
2-s2.0-84896471248
2-s2.0-84896464667
2-s2.0-84896463430
2-s2.0-84896462360
2-s2.0-84896461144
2-s2.0-84896452632
2-s2.0-84896451606
2-s2.0-84896450138
2-s2.0-84896448117
2-s2.0-84896446567
2-s2.0-84896445844
2-s2.0-84896444747
2-s2.0-84896442589
2-s2.0-84896052655
2-s2.0-84893962807
2-s2.0-84893904978
2-s2.0-84893777023
2-s2.0-84893322875
2-s2.0-84893254321
2-s2.0-84893244499
2-s2.0-84892174420
2-s2.0-84891791436
2-s2.0-84891777209
2-s2.0-84891596669
2-s2.0-84890666889
2-s2.0-84890648352
2-s2.0-84889827104
2-s2.0-84889792913
2-s2.0-84889666295
2-s2.0-84889658918
2-s2.0-84889576407
2-s2.0-84889092078
2-s2.0-84889086335
2-s2.0-84888621200
2-s2.0-84888374095
2-s2.0-84888267352
2-s2.0-84888142611
2-s2.0-84887908719
2-s2.0-84887504079
2-s2.0-84887280190
2-s2.0-84886088218
2-s2.0-84886074400
2-s2.0-84885827174
2-s2.0-84885825192
2-s2.0-84885820691
2-s2.0-84885818939
2-s2.0-84885809005
2-s2.0-84885795368
2-s2.0-84885791175
2-s2.0-84885780091
2-s2.0-84885763906
2-s2.0-84885760941
2-s2.0-84885757158
2-s2.0-84885748389
2-s2.0-84885738221
2-s2.0-84885737735
2-s2.0-84885725871
2-s2.0-84885724141
2-s2.0-84885722591
2-s2.0-84885711950
2-s2.0-84885711324
2-s2.0-84885707136
2-s2.0-84885705938
2-s2.0-84885704814
2-s2.0-84885696369
2-s2.0-84885696366
2-s2.0-84885692012
2-s2.0-84885617888
2-s2.0-84885615020
2-s2.0-84885481958
2-s2.0-84885479716
2-s2.0-84885438493
2-s2.0-84885300313
2-s2.0-84885298391
2-s2.0-84885186502
2-s2.0-84885185939
2-s2.0-84885183675
2-s2.0-84885162366
2-s2.0-84885154614
2-s2.0-84885134544
2-s2.0-84885018362
2-s2.0-84884583213
2-s2.0-84884504260
2-s2.0-84883459608
2-s2.0-84883456804
2-s2.0-84883449064
2-s2.0-84883278523
2-s2.0-84882451887
2-s2.0-84881238800
2-s2.0-84880918461
2-s2.0-84880417557
2-s2.0-84880329849
2-s2.0-84880270485
2-s2.0-84880181409
2-s2.0-84880139643
2-s2.0-84880133797
2-s2.0-84880051199
2-s2.0-84879887600
2-s2.0-84879884624
2-s2.0-84879881375
2-s2.0-84879868413
2-s2.0-84879834193
2-s2.0-84879801644
2-s2.0-84879570006
2-s2.0-84879556804
2-s2.0-84879505639
2-s2.0-84879501554
2-s2.0-84879500324
2-s2.0-84879380785
2-s2.0-84879202996
2-s2.0-84879116991
2-s2.0-84878834909
2-s2.0-84878763259
2-s2.0-84878763194
2-s2.0-84878689177
2-s2.0-84878656883
2-s2.0-84878400974
2-s2.0-84878351329
2-s2.0-84877976060
2-s2.0-84877951836
2-s2.0-84877343587
2-s2.0-84877271764
2-s2.0-84876900837
2-s2.0-84876544222
2-s2.0-84876475056
2-s2.0-84876452519
2-s2.0-84876007569
2-s2.0-84875961634
2-s2.0-84875891732
2-s2.0-84875889092
2-s2.0-84875772950
2-s2.0-84875465787
2-s2.0-84875435896
2-s2.0-84875422526
2-s2.0-84875404876
2-s2.0-84875189509
2-s2.0-84875146745
2-s2.0-84875141349
2-s2.0-84875139533
2-s2.0-84875126573
2-s2.0-84874213636
2-s2.0-84874212140
2-s2.0-84874094721
2-s2.0-84874092683
2-s2.0-84874056941
2-s2.0-84873126873
2-s2.0-84873118006
2-s2.0-84873103252
2-s2.0-84873033388
2-s2.0-84872948301
2-s2.0-84872867967
2-s2.0-84872860017
2-s2.0-84872846893
2-s2.0-84872730401
2-s2.0-84872729495
2-s2.0-84872721973
2-s2.0-84872707636
2-s2.0-84872695851
2-s2.0-84872694704
2-s2.0-84872650755
2-s2.0-84872352969
2-s2.0-84871938163
2-s2.0-84871918045
2-s2.0-84871916464
2-s2.0-84871916064
2-s2.0-84871915884
2-s2.0-84871914008
2-s2.0-84871913693
2-s2.0-84871912710
2-s2.0-84871912670
2-s2.0-84871912181
2-s2.0-84871912012
2-s2.0-84871911896
2-s2.0-84871910889
2-s2.0-84871910808
2-s2.0-84871910561
2-s2.0-84871909836
2-s2.0-84871907584
2-s2.0-84871904988
2-s2.0-84871902330
2-s2.0-84871898460
2-s2.0-84871898274
2-s2.0-84871895726
2-s2.0-84871893855
2-s2.0-84871892107
2-s2.0-84871891579
2-s2.0-84871891135
2-s2.0-84871889593
2-s2.0-84871887849
2-s2.0-84871887493
2-s2.0-84871887190
2-s2.0-84871885937
2-s2.0-84871884542
2-s2.0-84871881934
2-s2.0-84871880670
2-s2.0-84871877853
2-s2.0-84871873863
2-s2.0-84871865655
2-s2.0-84871863248
2-s2.0-84871862383
2-s2.0-84871861887
2-s2.0-84871861730
2-s2.0-84871860820
2-s2.0-84871859200
2-s2.0-84871858295
2-s2.0-84871857857
2-s2.0-84871857250
2-s2.0-84871856046
2-s2.0-84871853454
2-s2.0-84871787868
2-s2.0-84871764473
2-s2.0-84871753597
2-s2.0-84871737943
2-s2.0-84871726812
2-s2.0-84871724599
2-s2.0-84871555450
2-s2.0-84871275080
2-s2.0-84870875797
2-s2.0-84870843525
2-s2.0-84870837258
2-s2.0-84870667218
2-s2.0-84870558385
2-s2.0-84870541942
2-s2.0-84870484582
2-s2.0-84869494175
2-s2.0-84869079204
2-s2.0-84872160303
2-s2.0-84872156383
2-s2.0-84871484939
2-s2.0-84870045754
2-s2.0-84871641945
2-s2.0-84871668859
2-s2.0-84871589218
2-s2.0-84871585421
2-s2.0-84871557690
2-s2.0-84871543811
2-s2.0-84872585686
2-s2.0-84871569788
2-s2.0-84871278468
2-s2.0-84871103026
2-s2.0-84871344734
2-s2.0-84871319122
2-s2.0-84871744665
2-s2.0-84886447398
2-s2.0-84879834351
2-s2.0-84876989420
2-s2.0-84870254951
2-s2.0-84870253626
2-s2.0-84869504361
2-s2.0-84869493446
2-s2.0-84866975865
2-s2.0-84870027854
2-s2.0-84870908726
2-s2.0-84870618571
2-s2.0-84870609529
2-s2.0-84870605554
2-s2.0-84870591044
2-s2.0-84867861949
2-s2.0-84870660366
2-s2.0-84870464955
2-s2.0-84869026634
2-s2.0-84868159726
2-s2.0-84870951969
2-s2.0-84870951745
2-s2.0-84870944142
2-s2.0-84870918050
2-s2.0-84870909935
2-s2.0-84870903938
2-s2.0-84870876428
2-s2.0-84870580017
2-s2.0-84952838350
2-s2.0-84890295986
2-s2.0-84887454700
2-s2.0-84887360997
2-s2.0-84887338345
2-s2.0-84887332990
2-s2.0-84885673958
2-s2.0-84885672276
2-s2.0-84885590391
2-s2.0-84884416781
2-s2.0-84883065931
2-s2.0-84883039712
2-s2.0-84882968036
2-s2.0-84882358040
2-s2.0-84881659570
2-s2.0-84881644939
2-s2.0-84881630562
2-s2.0-84881626972
2-s2.0-84880525482
2-s2.0-84880443819
2-s2.0-84878408598
2-s2.0-84878227708
2-s2.0-84878093240
2-s2.0-84878089984
2-s2.0-84877770223
2-s2.0-84876518681
2-s2.0-84876274818
2-s2.0-84876102488
2-s2.0-84875836056
2-s2.0-84875744260
2-s2.0-84875743294
2-s2.0-84875521641
2-s2.0-84875255888
2-s2.0-84874918315
2-s2.0-84874869073
2-s2.0-84874862058
2-s2.0-84874851102
2-s2.0-84874825382
2-s2.0-84874823454
2-s2.0-84874820602
2-s2.0-84874549516
2-s2.0-84874542014
2-s2.0-84874539927
2-s2.0-84874535528
2-s2.0-84874509079
2-s2.0-84874497261
2-s2.0-84874339847
2-s2.0-84874217528
2-s2.0-84874172914
2-s2.0-84874156983
2-s2.0-84874131563
2-s2.0-84874119055
2-s2.0-84874074895
2-s2.0-84874061862
2-s2.0-84873975968
2-s2.0-84873426714
2-s2.0-84873162157
2-s2.0-84873143956
2-s2.0-84872841454
2-s2.0-84872720025
2-s2.0-84872699244
2-s2.0-84872583109
2-s2.0-84872577732
2-s2.0-84872530646
2-s2.0-84872503580
2-s2.0-84872433632
2-s2.0-84872354466
2-s2.0-84872113842
2-s2.0-84872110334
2-s2.0-84872109866
2-s2.0-84872108933
2-s2.0-84872103465
2-s2.0-84871917416
2-s2.0-84871828957
2-s2.0-84871818277
2-s2.0-84871807359
2-s2.0-84871752840
2-s2.0-84871668216
2-s2.0-84871658756
2-s2.0-84871330986
2-s2.0-84871324524
2-s2.0-84871181652
2-s2.0-84870991780
2-s2.0-84870886481
2-s2.0-84870723003
2-s2.0-84870468636
2-s2.0-84870240421
2-s2.0-84870237175
2-s2.0-84870218709
2-s2.0-84870065121
2-s2.0-84870064760
2-s2.0-84870064699
2-s2.0-84870064048
2-s2.0-84869506326
2-s2.0-84869499736
2-s2.0-84868206071
2-s2.0-84868194434
2-s2.0-84866061906
2-s2.0-84870413339
2-s2.0-84870405864
2-s2.0-84870480062
2-s2.0-84870157421
2-s2.0-84870573523
2-s2.0-84870567852
2-s2.0-84870555996
2-s2.0-84870260587
2-s2.0-84869486394
2-s2.0-84869481947
2-s2.0-84869470330
2-s2.0-84869467211
2-s2.0-84869454893
2-s2.0-84869439942
2-s2.0-84869433375
2-s2.0-84869432247
2-s2.0-84869431472
2-s2.0-84869419410
2-s2.0-84869412804
2-s2.0-84869412237
2-s2.0-84869402531
2-s2.0-84869401592
2-s2.0-84869400108
2-s2.0-84869398008
2-s2.0-84869385038
2-s2.0-84869186566
2-s2.0-84869183826
2-s2.0-84869167179
2-s2.0-84869161965
2-s2.0-84867509163
2-s2.0-84869412813
2-s2.0-84870021563
2-s2.0-84870015446
2-s2.0-84869417655
2-s2.0-84869015514
2-s2.0-84870700195
2-s2.0-84869410836
2-s2.0-84868636695
2-s2.0-84865838052
2-s2.0-84864800948
2-s2.0-84869441425
2-s2.0-84869075139
2-s2.0-84869044803
2-s2.0-84869034954
2-s2.0-84868375668
2-s2.0-84868712248
2-s2.0-84868700972
2-s2.0-84868709159
2-s2.0-84868580556
2-s2.0-84868268645
2-s2.0-84868347934
2-s2.0-84866952953
2-s2.0-84868380143
2-s2.0-84868352684
2-s2.0-84949176727
2-s2.0-84895281021
2-s2.0-84882455502
2-s2.0-84872480621
2-s2.0-84870868232
2-s2.0-84870733948
2-s2.0-84870548183
2-s2.0-84870340211
2-s2.0-84870243225
2-s2.0-84869784859
2-s2.0-84869776788
2-s2.0-84869498672
2-s2.0-84869427616
2-s2.0-84868595381
2-s2.0-84868593551
2-s2.0-84868537510
2-s2.0-84868517601
2-s2.0-84868354576
2-s2.0-84867882433
2-s2.0-84867851906
2-s2.0-84867628008
2-s2.0-84866742600
2-s2.0-84866037561
2-s2.0-84866034818
2-s2.0-84866016181
2-s2.0-84863985677
2-s2.0-84867909219
2-s2.0-84867389256
2-s2.0-84867055804
2-s2.0-84868638202
2-s2.0-84868632628
2-s2.0-84867840955
2-s2.0-84867761324
2-s2.0-84868261174
2-s2.0-84868034864
2-s2.0-84868024251
2-s2.0-84864506085
2-s2.0-84867025700
2-s2.0-84867463408
2-s2.0-84867561090
2-s2.0-84867312139
2-s2.0-84868379225
2-s2.0-84867812844
2-s2.0-84867272429
2-s2.0-84867270954
2-s2.0-84866140387
2-s2.0-84870417274
2-s2.0-84866361672
2-s2.0-84867473218
2-s2.0-84867353435
2-s2.0-84867385973
2-s2.0-84867373617
2-s2.0-84867540914
2-s2.0-84866916651
2-s2.0-84866893563
2-s2.0-84867186083
2-s2.0-84866989141
2-s2.0-84890160769
2-s2.0-84876257249
2-s2.0-84870464758
2-s2.0-84869996088
2-s2.0-84869110381
2-s2.0-84867939678
2-s2.0-84867498727
2-s2.0-84867325370
2-s2.0-84866695315
2-s2.0-84866680779
2-s2.0-84866677424
2-s2.0-84866534051
2-s2.0-84866342452
2-s2.0-84866336132
2-s2.0-84866325776
2-s2.0-84866322177
2-s2.0-84866016521
2-s2.0-84865772286
2-s2.0-84865609785
2-s2.0-84865586908
2-s2.0-84864739903
2-s2.0-84864708585
2-s2.0-84863717292
2-s2.0-84865489598
2-s2.0-84866634896
2-s2.0-84866622322
2-s2.0-84866380012
2-s2.0-84866104670
2-s2.0-84866102020
2-s2.0-84865651189
2-s2.0-84865265554
2-s2.0-84866694006
2-s2.0-84866677563
2-s2.0-84866640019
2-s2.0-84865229681
2-s2.0-84867871169
2-s2.0-84866253103
2-s2.0-84866155044
2-s2.0-84866880301
2-s2.0-84866853970
2-s2.0-84867068866
2-s2.0-84867039034
2-s2.0-84866038825
2-s2.0-84865216349
2-s2.0-84866369076
2-s2.0-84866342673
2-s2.0-84866307857
2-s2.0-84866307424
2-s2.0-84864643319
2-s2.0-84866103998
2-s2.0-84866342487
2-s2.0-84866316275
2-s2.0-84866309625
2-s2.0-84865966619
2-s2.0-84865959750
2-s2.0-84867968143
2-s2.0-84867589025
2-s2.0-84867560335
2-s2.0-84867557177
2-s2.0-84867495048
2-s2.0-84867100976
2-s2.0-84866990055
2-s2.0-84866876628
2-s2.0-84866864069
2-s2.0-84866540310
2-s2.0-84866353932
2-s2.0-84866346273
2-s2.0-84866125211
2-s2.0-84865995889
2-s2.0-84865966192
2-s2.0-84865596748
2-s2.0-84865529542
2-s2.0-84865521770
2-s2.0-84865503227
2-s2.0-84865261846
2-s2.0-84864702758
2-s2.0-84864697913
2-s2.0-84864127483
2-s2.0-84863516939
2-s2.0-84863512890
2-s2.0-84860223671
2-s2.0-84864778849
2-s2.0-84864742313
2-s2.0-84864739683
2-s2.0-84870552940
2-s2.0-84869450825
2-s2.0-84865594767
2-s2.0-84865850543
2-s2.0-84865768000
2-s2.0-84885994738
2-s2.0-84865413228
2-s2.0-84863931824
2-s2.0-84865526703
2-s2.0-84865045648
2-s2.0-84865031802
2-s2.0-84864972570
2-s2.0-84864776265
2-s2.0-84864651239
2-s2.0-84865109687
2-s2.0-84862873590
2-s2.0-84865176077
2-s2.0-84865153493
2-s2.0-84865146641
2-s2.0-84865000626
2-s2.0-84863903415
2-s2.0-84864683907
2-s2.0-84864716795
2-s2.0-84864609685
2-s2.0-84864253550
2-s2.0-84863969035
2-s2.0-84863943386
2-s2.0-84863927942
2-s2.0-84863664621
2-s2.0-84864742730
2-s2.0-84867316021
2-s2.0-84867298968
2-s2.0-84867074317
2-s2.0-84866059772
2-s2.0-84865731303
2-s2.0-84865463163
2-s2.0-84864981905
2-s2.0-84864866310
2-s2.0-84864696061
2-s2.0-84864649889
2-s2.0-84864467977
2-s2.0-84864458521
2-s2.0-84864363907
2-s2.0-84863987097
2-s2.0-84863438559
2-s2.0-84861919202
2-s2.0-84861899154
2-s2.0-84861878551
2-s2.0-84860520926
2-s2.0-84863601202
2-s2.0-84864691709
2-s2.0-84864275787
2-s2.0-84864270926
2-s2.0-84864268962
2-s2.0-84864230264
2-s2.0-84864220529
2-s2.0-84864202353
2-s2.0-84862556646
2-s2.0-84863677902
2-s2.0-84865418297
2-s2.0-84864114947
2-s2.0-84864193832
2-s2.0-84865451609
2-s2.0-84864213633
2-s2.0-84862641800
2-s2.0-84864356972
2-s2.0-84864232114
2-s2.0-84864225680
2-s2.0-84863978932
2-s2.0-84863938548
2-s2.0-84863893507
2-s2.0-84864261025
2-s2.0-84863844261
2-s2.0-84864231562
2-s2.0-84866841387
2-s2.0-84863652722
2-s2.0-84864262733
2-s2.0-84864259997
2-s2.0-84864117093
2-s2.0-84863706793
2-s2.0-84863647236
2-s2.0-84863645434
2-s2.0-84861870799
2-s2.0-84865519139
2-s2.0-84865471751
2-s2.0-84861345571
2-s2.0-84863823144
2-s2.0-84863577256
2-s2.0-84863854245
2-s2.0-84863539292
2-s2.0-84864444514
2-s2.0-84863901655
2-s2.0-84862188346
2-s2.0-84863334219
2-s2.0-84863317920
2-s2.0-84863302431
2-s2.0-84863300321
2-s2.0-84862740045
2-s2.0-84863317921
2-s2.0-84862748469
2-s2.0-84869403707
2-s2.0-84865535620
2-s2.0-84865147460
2-s2.0-84865147386
2-s2.0-84865137622
2-s2.0-84865120281
2-s2.0-84865108022
2-s2.0-84864554606
2-s2.0-84864228531
2-s2.0-84864141088
2-s2.0-84864007798
2-s2.0-84863718479
2-s2.0-84863710983
2-s2.0-84863709682
2-s2.0-84863705176
2-s2.0-84863686164
2-s2.0-84863646260
2-s2.0-84863563374
2-s2.0-84863299840
2-s2.0-84862751955
2-s2.0-84862751339
2-s2.0-84862751298
2-s2.0-84862751115
2-s2.0-84862748849
2-s2.0-84862744901
2-s2.0-84862744879
2-s2.0-84862744106
2-s2.0-84862743446
2-s2.0-84862734520
2-s2.0-84862729679
2-s2.0-84862727950
2-s2.0-84862682345
2-s2.0-84862651063
2-s2.0-84862247283
2-s2.0-84862220447
2-s2.0-84864469074
2-s2.0-84863226481
2-s2.0-84863201518
2-s2.0-84863316074
2-s2.0-84862899973
2-s2.0-84862867928
2-s2.0-84862852677
2-s2.0-84862487270
2-s2.0-84861616502
2-s2.0-84861577355
2-s2.0-84862528585
2-s2.0-84862201909
2-s2.0-84863523896
2-s2.0-84861302900
2-s2.0-84860241762
2-s2.0-84860238415
2-s2.0-84861381142
2-s2.0-84858015213
2-s2.0-84861965238
2-s2.0-84862235099
2-s2.0-84862210841
2-s2.0-84862183485
2-s2.0-84862161433
2-s2.0-84861927641
2-s2.0-84861828645
2-s2.0-84862659747
2-s2.0-84861951837
2-s2.0-84861921137
2-s2.0-84861684478
2-s2.0-84861681558
2-s2.0-84861672953
2-s2.0-84865058338
2-s2.0-84864798443
2-s2.0-84864441749
2-s2.0-84864138618
2-s2.0-84863623184
2-s2.0-84863618559
2-s2.0-84863330140
2-s2.0-84863312188
2-s2.0-84862817772
2-s2.0-84862810203
2-s2.0-84862017136
2-s2.0-84861815685
2-s2.0-84861761635
2-s2.0-84861737360
2-s2.0-84861733610
2-s2.0-84861578549
2-s2.0-84861573858
2-s2.0-84861568438
2-s2.0-84861185949
2-s2.0-84859627445
2-s2.0-84859552926
2-s2.0-84857022960
2-s2.0-84857022707
2-s2.0-84861403647
2-s2.0-84861392529
2-s2.0-84861373562
2-s2.0-84862114506
2-s2.0-84862073520
2-s2.0-84861217602
2-s2.0-84861208486
2-s2.0-84861397040
2-s2.0-84861391345
2-s2.0-84861168562
2-s2.0-84861050066
2-s2.0-84862105500
2-s2.0-84860880958
2-s2.0-84862133271
2-s2.0-84862118403
2-s2.0-84860231752
2-s2.0-84859159469
2-s2.0-84860721179
2-s2.0-84860710442
2-s2.0-84860704284
2-s2.0-84861552123
2-s2.0-84862701872
2-s2.0-84860682336
2-s2.0-84860673227
2-s2.0-84860741345
2-s2.0-84860537000
2-s2.0-84860503854
2-s2.0-84860499080
2-s2.0-84862059636
2-s2.0-84861925497
2-s2.0-84860470122
2-s2.0-84860430702
2-s2.0-84859762547
2-s2.0-84863655740
2-s2.0-84863645793
2-s2.0-84863623698
2-s2.0-84862816037
2-s2.0-84862813663
2-s2.0-84862801977
2-s2.0-84862242783
2-s2.0-84862125119
2-s2.0-84861517708
2-s2.0-84861512771
2-s2.0-84861017148
2-s2.0-84860691094
2-s2.0-84860672827
2-s2.0-84860381131
2-s2.0-84860374344
2-s2.0-84860315457
2-s2.0-84860315313
2-s2.0-84860285941
2-s2.0-84860285322
2-s2.0-84860282151
2-s2.0-84860278056
2-s2.0-84860277855
2-s2.0-84860275994
2-s2.0-84860273262
2-s2.0-84859967576
2-s2.0-84859445741
2-s2.0-84859402439
2-s2.0-84858702840
2-s2.0-84858618168
2-s2.0-84858614469
2-s2.0-84862551069
2-s2.0-84860211845
2-s2.0-84860365176
2-s2.0-84859972866
2-s2.0-84860330766
2-s2.0-84860327453
2-s2.0-84861674649
2-s2.0-84860370719
2-s2.0-84860137078
2-s2.0-84859847165
2-s2.0-84860349843
2-s2.0-84860345018
2-s2.0-84860195855
2-s2.0-84858973224
2-s2.0-84858964177
2-s2.0-84861652015
2-s2.0-84859645484
2-s2.0-84859629809
2-s2.0-84859571573
2-s2.0-84862824395
2-s2.0-84858069445
2-s2.0-84856370258
2-s2.0-84856067492
2-s2.0-84858720707
2-s2.0-84858687600
2-s2.0-84859781757
2-s2.0-84859772487
2-s2.0-84859772484
2-s2.0-84861533651
2-s2.0-84859587934
2-s2.0-84859409940
2-s2.0-84859800724
2-s2.0-84859789814
2-s2.0-84859362434
2-s2.0-84859326163
2-s2.0-84858409980
2-s2.0-84859169793
2-s2.0-84858632496
2-s2.0-84859805388
2-s2.0-84859802580
2-s2.0-84859012409
2-s2.0-84867299187
2-s2.0-84862830830
2-s2.0-84862825876
2-s2.0-84862816343
2-s2.0-84862776831
2-s2.0-84861794057
2-s2.0-84861760660
2-s2.0-84861740919
2-s2.0-84861701565
2-s2.0-84861570333
2-s2.0-84860461362
2-s2.0-84860372156
2-s2.0-84860369514
2-s2.0-84860151081
2-s2.0-84859599081
2-s2.0-84859333355
2-s2.0-84859218088
2-s2.0-84858290665
2-s2.0-84857641367
2-s2.0-84856552553
2-s2.0-84855921964
2-s2.0-84858437126
2-s2.0-84858341580
2-s2.0-84859132012
2-s2.0-84859125692
2-s2.0-84859153481
2-s2.0-84859142179
2-s2.0-84859136830
2-s2.0-84859129314
2-s2.0-84862291412
2-s2.0-84863182677
2-s2.0-84859556852
2-s2.0-84858165574
2-s2.0-84863242880
2-s2.0-84863362661
2-s2.0-84859545747
2-s2.0-84859534173
2-s2.0-84858000627
2-s2.0-84859958085
2-s2.0-84859948294
2-s2.0-84863230246
2-s2.0-84858139160
2-s2.0-84857816685
2-s2.0-84863337658
2-s2.0-84858971152
2-s2.0-84882565863
2-s2.0-84863402822
2-s2.0-84863365127
2-s2.0-84863362858
2-s2.0-84863349117
2-s2.0-84863341954
2-s2.0-84863262848
2-s2.0-84863234213
2-s2.0-84862832299
2-s2.0-84862794614
2-s2.0-84859981310
2-s2.0-84859602559
2-s2.0-84859222312
2-s2.0-84859092160
2-s2.0-84859064435
2-s2.0-84859052668
2-s2.0-84859045697
2-s2.0-84859022458
2-s2.0-84858965600
2-s2.0-84858649328
2-s2.0-84858060820
2-s2.0-84858059256
2-s2.0-84858028341
2-s2.0-84858023603
2-s2.0-84857869171
2-s2.0-84857610473
2-s2.0-84857505153
2-s2.0-84857051519
2-s2.0-84856705934
2-s2.0-84155188805
2-s2.0-84155163840
2-s2.0-81255160969
2-s2.0-81155150068
2-s2.0-81155133835
2-s2.0-84863180202
2-s2.0-84863171064
2-s2.0-84863151909
2-s2.0-84863128497
2-s2.0-84863115787
2-s2.0-84857426263
2-s2.0-84857419892
2-s2.0-84857419722
2-s2.0-84857418817
2-s2.0-84857516176
2-s2.0-84857512595
2-s2.0-84857207702
2-s2.0-84857071086
2-s2.0-84863292577
2-s2.0-84863164907
2-s2.0-84863121715
2-s2.0-84857377653
2-s2.0-84857161120
2-s2.0-85019471760
2-s2.0-84860271223
2-s2.0-84857074086
2-s2.0-84856932833
2-s2.0-84863296396
2-s2.0-84863251021
2-s2.0-84862809547
2-s2.0-84856697960
2-s2.0-84857390946
2-s2.0-84863251095
2-s2.0-84862826838
2-s2.0-84857252286
2-s2.0-84857289505
2-s2.0-84863133982
2-s2.0-84863118243
2-s2.0-84856955399
2-s2.0-84856953483
2-s2.0-84863024543
2-s2.0-84862917247
2-s2.0-84856521338
2-s2.0-84863244707
2-s2.0-84863115233
2-s2.0-84862817831
2-s2.0-84858677238
2-s2.0-84858145151
2-s2.0-84857602526
2-s2.0-84857499390
2-s2.0-84857463128
2-s2.0-84857254445
2-s2.0-84857047568
2-s2.0-84856721745
2-s2.0-84856289524
2-s2.0-84856259583
2-s2.0-84856238198
2-s2.0-84856228619
2-s2.0-84856210791
2-s2.0-84855469101
2-s2.0-84655167766
2-s2.0-80053938494
2-s2.0-84856431425
2-s2.0-84856406135
2-s2.0-84856391337
2-s2.0-84856381599
2-s2.0-84856380822
2-s2.0-84856365753
2-s2.0-84857025659
2-s2.0-84857008816
2-s2.0-84856544062
2-s2.0-84856264398
2-s2.0-84855514535
2-s2.0-81055140209
2-s2.0-84862909162
2-s2.0-84856164036
2-s2.0-84856146427
2-s2.0-84863071674
2-s2.0-84862970420
2-s2.0-84855571089
2-s2.0-84856280402
2-s2.0-84855776742
2-s2.0-84871289184
2-s2.0-84856450064
2-s2.0-84855952335
2-s2.0-84855927223
2-s2.0-84856711835
2-s2.0-84855525349
2-s2.0-84855287641
2-s2.0-83455225127
2-s2.0-84862922272
2-s2.0-84855886804
2-s2.0-84862908402
2-s2.0-84855703499
2-s2.0-84855644763
2-s2.0-84855328699
2-s2.0-84855306517
2-s2.0-84856228221
2-s2.0-84855366009
2-s2.0-84891576606
2-s2.0-84884114708
2-s2.0-84884107040
2-s2.0-84884082363
2-s2.0-84884059098
2-s2.0-84884026914
2-s2.0-84884026364
2-s2.0-84884023512
2-s2.0-84884006848
2-s2.0-84883987773
2-s2.0-84883969227
2-s2.0-84883964251
2-s2.0-84883957068
2-s2.0-84883917143
2-s2.0-84882452056
2-s2.0-84878304242
2-s2.0-84869047192
2-s2.0-84862908431
2-s2.0-84855538395
2-s2.0-84855526198
2-s2.0-85099903937
2-s2.0-85085778713
2-s2.0-85075656366
2-s2.0-85059800273
2-s2.0-85058451904
2-s2.0-85048599549
2-s2.0-85041385024
2-s2.0-85020271706
2-s2.0-85019668760
2-s2.0-85011457192
2-s2.0-85008564912
2-s2.0-85008541132
2-s2.0-84944671993
2-s2.0-84944653236
2-s2.0-84930894669
2-s2.0-84920510316
2-s2.0-84911387671
2-s2.0-84904901238
2-s2.0-84904872809
2-s2.0-84904871566
2-s2.0-84903800738
2-s2.0-84902492732
2-s2.0-84901381903
2-s2.0-84901361812
2-s2.0-84900016061
2-s2.0-84899979703
2-s2.0-84899965408
2-s2.0-84899760895
2-s2.0-84898976183
2-s2.0-84897406619
2-s2.0-84897145100
2-s2.0-84897137824
2-s2.0-84896693972
2-s2.0-84896473555
2-s2.0-84893709023
2-s2.0-84892604281
2-s2.0-84892573937
2-s2.0-84891787685
2-s2.0-84891753237
2-s2.0-84891674473
2-s2.0-84891666715
2-s2.0-84885664810
2-s2.0-84883849630
2-s2.0-84880556866
2-s2.0-84880430066
2-s2.0-84879644742
2-s2.0-84875835513
2-s2.0-84874907616
2-s2.0-84874678819
2-s2.0-84874604787
2-s2.0-84874508718
2-s2.0-84873023452
2-s2.0-84872796461
2-s2.0-84871807772
2-s2.0-84871749314
2-s2.0-84871453482
2-s2.0-84870999977
2-s2.0-84870471531
2-s2.0-84869075681
2-s2.0-84869052433
2-s2.0-84869052339
2-s2.0-84869046014
2-s2.0-84869027118
2-s2.0-84869026861
2-s2.0-84869023315
2-s2.0-84869019688
2-s2.0-84869017002
2-s2.0-84869015608
2-s2.0-84869013564
2-s2.0-84869013429
2-s2.0-84869013248
2-s2.0-84869003649
2-s2.0-84867901429
2-s2.0-84867471767
2-s2.0-84866896678
2-s2.0-84866504100
2-s2.0-84865314451
2-s2.0-84865059488
2-s2.0-84865038442
2-s2.0-84864860458
2-s2.0-84864682313
2-s2.0-84864269226
2-s2.0-84864268284
2-s2.0-84864263870
2-s2.0-84864201824
2-s2.0-84864197470
2-s2.0-84864004940
2-s2.0-84864000818
2-s2.0-84863991673
2-s2.0-84863795341
2-s2.0-84863718568
2-s2.0-84863411690
2-s2.0-84863399504
2-s2.0-84863396142
2-s2.0-84863292359
2-s2.0-84863158642
2-s2.0-84863122174
2-s2.0-84863046674
2-s2.0-84862958199
2-s2.0-84862957247
2-s2.0-84862951121
2-s2.0-84862950550
2-s2.0-84862945209
2-s2.0-84862944225
2-s2.0-84862942667
2-s2.0-84862938529
2-s2.0-84862937599
2-s2.0-84862937498
2-s2.0-84862925428
2-s2.0-84862923303
2-s2.0-84862919080
2-s2.0-84862918629
2-s2.0-84862915152
2-s2.0-84862875374
2-s2.0-84862828826
2-s2.0-84862746507
2-s2.0-84862339068
2-s2.0-84862174835
2-s2.0-84862155249
2-s2.0-84861670179
2-s2.0-84861655494
2-s2.0-84861619783
2-s2.0-84861588544
2-s2.0-84861388546
2-s2.0-84861374648
2-s2.0-84861361755
2-s2.0-84861162592
2-s2.0-84861100571
2-s2.0-84860757017
2-s2.0-84860660493
2-s2.0-84860334956
2-s2.0-84860260670
2-s2.0-84860203453
2-s2.0-84860200768
2-s2.0-84860145173
2-s2.0-84860109597
2-s2.0-84859931748
2-s2.0-84858960707
2-s2.0-84858796192
2-s2.0-84858283384
2-s2.0-84858113487
2-s2.0-84858013867
2-s2.0-84857981603
2-s2.0-84857808983
2-s2.0-84856888700
2-s2.0-84856180201
2-s2.0-84856040149
2-s2.0-84855961809
2-s2.0-84855961481
2-s2.0-84855953519
2-s2.0-84855934653
2-s2.0-84855616168
2-s2.0-84855614143
2-s2.0-84855613185
2-s2.0-84855613042
2-s2.0-84855612491
2-s2.0-84855608379
2-s2.0-84855608092
2-s2.0-84855607708
2-s2.0-84855607662
2-s2.0-84855607443
2-s2.0-84855606466
2-s2.0-84855604777
2-s2.0-84855604128
2-s2.0-84855603807
2-s2.0-84855601896
2-s2.0-84855600443
2-s2.0-84855599338
2-s2.0-84855596547
2-s2.0-84855596325
2-s2.0-84855594535
2-s2.0-84855594507
2-s2.0-84855593208
2-s2.0-84855592268
2-s2.0-84855589286
2-s2.0-84855588486
2-s2.0-84855588204
2-s2.0-84855588163
2-s2.0-84855587523
2-s2.0-84855586845
2-s2.0-84855586246
2-s2.0-84855585959
2-s2.0-84855585823
2-s2.0-84855585776
2-s2.0-84855584986
2-s2.0-84855584913
2-s2.0-84855584049
2-s2.0-84855581113
2-s2.0-84855580495
2-s2.0-84855580082
2-s2.0-84855573263
2-s2.0-84855572488
2-s2.0-84855572043
2-s2.0-84855571978
2-s2.0-84855571049
2-s2.0-84855570242
2-s2.0-84855570068
2-s2.0-84855570033
2-s2.0-84855567906
2-s2.0-84855297310
2-s2.0-84655167687
2-s2.0-84655160775
2-s2.0-84555188960
2-s2.0-84555169157
2-s2.0-84455210956
2-s2.0-84455203817
2-s2.0-84455162378
2-s2.0-84055222397
2-s2.0-84055212393
2-s2.0-83455236144
2-s2.0-83455236114
2-s2.0-81855182167
2-s2.0-81855163344
2-s2.0-80855144196
2-s2.0-80054800110
2-s2.0-81855170139
2-s2.0-84455210928
2-s2.0-84862777585
2-s2.0-84857331940
2-s2.0-84555197285
2-s2.0-84555169142
2-s2.0-84055222272
2-s2.0-84855297961
2-s2.0-83255192729
2-s2.0-81855194090
2-s2.0-81255160849
2-s2.0-81155152275
2-s2.0-83655172562
2-s2.0-81255129358
2-s2.0-82955225068
2-s2.0-82955201891
2-s2.0-82955188010
2-s2.0-82455192412
2-s2.0-83455179700
2-s2.0-82455192498
2-s2.0-84893599973
2-s2.0-84892111736
2-s2.0-84888368580
2-s2.0-84887338989
2-s2.0-84881067757
2-s2.0-84880761946
2-s2.0-84880746439
2-s2.0-84880723136
2-s2.0-84880717607
2-s2.0-84880714728
2-s2.0-84880711076
2-s2.0-84880539797
2-s2.0-84879493066
2-s2.0-84879244073
2-s2.0-84870662527
2-s2.0-84869153073
2-s2.0-84869022434
2-s2.0-84868704355
2-s2.0-84868700760
2-s2.0-84868681697
2-s2.0-84865999949
2-s2.0-84865990452
2-s2.0-84865977925
2-s2.0-84865588514
2-s2.0-84865586879
2-s2.0-84865153567
2-s2.0-84863297426
2-s2.0-84863183167
2-s2.0-84863178665
2-s2.0-84863172097
2-s2.0-84863155766
2-s2.0-84863142069
2-s2.0-84863126797
2-s2.0-84863125639
2-s2.0-84863124867
2-s2.0-84863123059
2-s2.0-84863061963
2-s2.0-84863050402
2-s2.0-84863042245
2-s2.0-84862960495
2-s2.0-84862944821
2-s2.0-84862911639
2-s2.0-84862832418
2-s2.0-84862816749
2-s2.0-84862801627
2-s2.0-84861091090
2-s2.0-84861082372
2-s2.0-84861079750
2-s2.0-84861078647
2-s2.0-84861078301
2-s2.0-84861073649
2-s2.0-84861068835
2-s2.0-84861068506
2-s2.0-84861057591
2-s2.0-84861054449
2-s2.0-84861040650
2-s2.0-84861037571
2-s2.0-84861030723
2-s2.0-84861028412
2-s2.0-84861024913
2-s2.0-84861024091
2-s2.0-84860905011
2-s2.0-84860746841
2-s2.0-84860489125
2-s2.0-84860460165
2-s2.0-84860430696
2-s2.0-84860206499
2-s2.0-84860190008
2-s2.0-84860150921
2-s2.0-84860137951
2-s2.0-84860121321
2-s2.0-84860116921
2-s2.0-84859614060
2-s2.0-84859608155
2-s2.0-84859587180
2-s2.0-84859569617
2-s2.0-84859533934
2-s2.0-84859301126
2-s2.0-84859068962
2-s2.0-84858973689
2-s2.0-84858951829
2-s2.0-84858219271
2-s2.0-84858181810
2-s2.0-84857705566
2-s2.0-84857205015
2-s2.0-84857196773
2-s2.0-84857184596
2-s2.0-84857160329
2-s2.0-84856846872
2-s2.0-84856837909
2-s2.0-84856828545
2-s2.0-84856052200
2-s2.0-84856035078
2-s2.0-84855776491
2-s2.0-84855334416
2-s2.0-84055200193
2-s2.0-83755225426
2-s2.0-83755221158
2-s2.0-83755182523
2-s2.0-83455228373
2-s2.0-82555202723
2-s2.0-82355175162
2-s2.0-82155192935
2-s2.0-82155168207
2-s2.0-81855222088
2-s2.0-81355138993
2-s2.0-81055137646
2-s2.0-80755135538
2-s2.0-80051949348
2-s2.0-82155191893
2-s2.0-82155188575
2-s2.0-82155181784
2-s2.0-80054959894
2-s2.0-80055107661
2-s2.0-81755171910
2-s2.0-81755167286
2-s2.0-84862832922
2-s2.0-84862788897
2-s2.0-81555200987
2-s2.0-81455140729
2-s2.0-81455127451
2-s2.0-81355163942
2-s2.0-81355163411
2-s2.0-81355142895
2-s2.0-81355136255
2-s2.0-81355136224
2-s2.0-82055186735
2-s2.0-81255205429
2-s2.0-81255134866
2-s2.0-80054990447
2-s2.0-82555167452
2-s2.0-82555165252
2-s2.0-80054721143
2-s2.0-80051472792
2-s2.0-80053241160
2-s2.0-82955217191
2-s2.0-80455127055
2-s2.0-80455123877
2-s2.0-80055093141
2-s2.0-80054930351
2-s2.0-80455168760
2-s2.0-80455140145
2-s2.0-80455132521
2-s2.0-81155148674
2-s2.0-80053985485
2-s2.0-80053937504
2-s2.0-80055042378
2-s2.0-80055041238
2-s2.0-85124691631
2-s2.0-84862234501
2-s2.0-84860175719
2-s2.0-84859083884
2-s2.0-84857054604
2-s2.0-84856471045
2-s2.0-84255166734
2-s2.0-83555174385
2-s2.0-82755186868
2-s2.0-82055203098
2-s2.0-82055166279
2-s2.0-82055166276
2-s2.0-82055166275
2-s2.0-81955162949
2-s2.0-81355132346
2-s2.0-80855124819
2-s2.0-80155189455
2-s2.0-80155156937
2-s2.0-80055020918
2-s2.0-80054968729
2-s2.0-80054968118
2-s2.0-80054964790
2-s2.0-80054927952
2-s2.0-80053335489
2-s2.0-80053318820
2-s2.0-80052260337
2-s2.0-80051796591
2-s2.0-80051544102
2-s2.0-79961015413
2-s2.0-80855141619
2-s2.0-80054034719
2-s2.0-80054034512
2-s2.0-80055023052
2-s2.0-80055019103
2-s2.0-80054757860
2-s2.0-80054743474
2-s2.0-80054738605
2-s2.0-80054724589
2-s2.0-80053322768
2-s2.0-80053301644
2-s2.0-80054075953
2-s2.0-80054070544
2-s2.0-80054697396
2-s2.0-80054031048
2-s2.0-80054028854
2-s2.0-80055003755
2-s2.0-80655141505
2-s2.0-80054743171
2-s2.0-80054717072
2-s2.0-81855172289
2-s2.0-80053638228
2-s2.0-80054013653
2-s2.0-80053504614
2-s2.0-80053500937
2-s2.0-80053493047
2-s2.0-80053893575
2-s2.0-80053458333
2-s2.0-80053420308
2-s2.0-84857268604
2-s2.0-82755195534
2-s2.0-80054950351
2-s2.0-80054917326
2-s2.0-80054893362
2-s2.0-80054006459
2-s2.0-80053590029
2-s2.0-80053467032
2-s2.0-80053210353
2-s2.0-80053200695
2-s2.0-80052680620
2-s2.0-79960271749
2-s2.0-80053070497
2-s2.0-80053330521
2-s2.0-80053066256
2-s2.0-80053034607
2-s2.0-80053027504
2-s2.0-80053023946
2-s2.0-80053008779
2-s2.0-80052791129
2-s2.0-80052069608
2-s2.0-80052717491
2-s2.0-84865171078
2-s2.0-80051906218
2-s2.0-80051786352
2-s2.0-80051783651
2-s2.0-80052794686
2-s2.0-80052530799
2-s2.0-80053218592
2-s2.0-80052373107
2-s2.0-80052332142
2-s2.0-80051709579
2-s2.0-80051681130
2-s2.0-80051656690
2-s2.0-84863068780
2-s2.0-84863011428
2-s2.0-84861349563
2-s2.0-84857550084
2-s2.0-84857524626
2-s2.0-84856944339
2-s2.0-84856925448
2-s2.0-84856918222
2-s2.0-84856898772
2-s2.0-84856869055
2-s2.0-84856866722
2-s2.0-84856854064
2-s2.0-84856846507
2-s2.0-84856845694
2-s2.0-84856826987
2-s2.0-84856820995
2-s2.0-81055140656
2-s2.0-80053640283
2-s2.0-80053187255
2-s2.0-80053176865
2-s2.0-80052602702
2-s2.0-80052599014
2-s2.0-80052588437
2-s2.0-80052577461
2-s2.0-80052571555
2-s2.0-80052568729
2-s2.0-80052554626
2-s2.0-80052415917
2-s2.0-80052406562
2-s2.0-80052308772
2-s2.0-80052143724
2-s2.0-80052133869
2-s2.0-80052132391
2-s2.0-80052130568
2-s2.0-80052129143
2-s2.0-80052128564
2-s2.0-80052119915
2-s2.0-80052117239
2-s2.0-80052116151
2-s2.0-80052089905
2-s2.0-80051993749
2-s2.0-80051547127
2-s2.0-80051544935
2-s2.0-80051544804
2-s2.0-80052157606
2-s2.0-80052092920
2-s2.0-80052092311
2-s2.0-80052076097
2-s2.0-80052068201
2-s2.0-80052067377
2-s2.0-80052052284
2-s2.0-80052043816
2-s2.0-80052042805
2-s2.0-80052540720
2-s2.0-80052530182
2-s2.0-84862162971
2-s2.0-79961152808
2-s2.0-80051951361
2-s2.0-80051950367
2-s2.0-80051926228
2-s2.0-80051918181
2-s2.0-80051891551
2-s2.0-80051889800
2-s2.0-80051883011
2-s2.0-80051881772
2-s2.0-80051877846
2-s2.0-80051873705
2-s2.0-80051863013
2-s2.0-79959523269
2-s2.0-79959515258
2-s2.0-80052048867
2-s2.0-80051765359
2-s2.0-80051899671
2-s2.0-79961055811
2-s2.0-80051643460
2-s2.0-80052422225
2-s2.0-80052413819
2-s2.0-80052079492
2-s2.0-79959936148
2-s2.0-79960744461
2-s2.0-79961236992
2-s2.0-79961236470
2-s2.0-79961231677
2-s2.0-80051611750
2-s2.0-79961142708
2-s2.0-79961131377
2-s2.0-79957838916
2-s2.0-79961093725
2-s2.0-80051685547
2-s2.0-79960371507
2-s2.0-79960366792
2-s2.0-79960909296
2-s2.0-84863052062
2-s2.0-84863051920
2-s2.0-84863031460
2-s2.0-80052498557
2-s2.0-80052004656
2-s2.0-80051989525
2-s2.0-80051766853
2-s2.0-80051753653
2-s2.0-80051744284
2-s2.0-80051743257
2-s2.0-80051742514
2-s2.0-80051711561
2-s2.0-80051692744
2-s2.0-80051591212
2-s2.0-80051583176
2-s2.0-80051549571
2-s2.0-80051546600
2-s2.0-80051544932
2-s2.0-79961083396
2-s2.0-79961049007
2-s2.0-79960908089
2-s2.0-79960799824
2-s2.0-79960793916
2-s2.0-79960779850
2-s2.0-79960766437
2-s2.0-79960751536
2-s2.0-79960707745
2-s2.0-79960073494
2-s2.0-79959339568
2-s2.0-79957968063
2-s2.0-79955956973
2-s2.0-79958193471
2-s2.0-79960639798
2-s2.0-79961078464
2-s2.0-79960537802
2-s2.0-79961050388
2-s2.0-79960492731
2-s2.0-79959774783
2-s2.0-79960459865
2-s2.0-79958164289
2-s2.0-79960434573
2-s2.0-79960423292
2-s2.0-79960401983
2-s2.0-79960344293
2-s2.0-79961104784
2-s2.0-79959450956
2-s2.0-79960113925
2-s2.0-79959974473
2-s2.0-79960515865
2-s2.0-79959990092
2-s2.0-79959969212
2-s2.0-79959990745
2-s2.0-79956206002
2-s2.0-79960164665
2-s2.0-79960509316
2-s2.0-84863083294
2-s2.0-84863039657
2-s2.0-84856945727
2-s2.0-80455177295
2-s2.0-80051792205
2-s2.0-80051694798
2-s2.0-79960725594
2-s2.0-79960708281
2-s2.0-79960696282
2-s2.0-79960684578
2-s2.0-79960515846
2-s2.0-79960496028
2-s2.0-79960492804
2-s2.0-79960257284
2-s2.0-79960200301
2-s2.0-79959926937
2-s2.0-79959804724
2-s2.0-79959643414
2-s2.0-79959615632
2-s2.0-79959604903
2-s2.0-79959575672
2-s2.0-79959522592
2-s2.0-79959380632
2-s2.0-79959375135
2-s2.0-79959372922
2-s2.0-79958084496
2-s2.0-79958073781
2-s2.0-79958073346
2-s2.0-79958060135
2-s2.0-79958059853
2-s2.0-79958049428
2-s2.0-79958043812
2-s2.0-79958043745
2-s2.0-79958036736
2-s2.0-79958033520
2-s2.0-79958032661
2-s2.0-79958032658
2-s2.0-79958031810
2-s2.0-79958026432
2-s2.0-79957831277
2-s2.0-79955833541
2-s2.0-79959529841
2-s2.0-79958019984
2-s2.0-79957794814
2-s2.0-79959555060
2-s2.0-79959808380
2-s2.0-79959784768
2-s2.0-79959782276
2-s2.0-79960076816
2-s2.0-79961131108
2-s2.0-79959247199
2-s2.0-80051891380
2-s2.0-79960187322
2-s2.0-79960175526
2-s2.0-79960168313
2-s2.0-79957608920
2-s2.0-79957528288
2-s2.0-79957497908
2-s2.0-79957494811
2-s2.0-79957455286
2-s2.0-79958840947
2-s2.0-79958782478
2-s2.0-79958016753
2-s2.0-79957972958
2-s2.0-79958818365
2-s2.0-79958778579
2-s2.0-79957958706
2-s2.0-79956281538
2-s2.0-79959357998
2-s2.0-79958191503
2-s2.0-79958222604
2-s2.0-79958210829
2-s2.0-84873495768
2-s2.0-79960738629
2-s2.0-79960128412
2-s2.0-79959938986
2-s2.0-79959444827
2-s2.0-79959441138
2-s2.0-79959436295
2-s2.0-79959426916
2-s2.0-79958858109
2-s2.0-79958167074
2-s2.0-79958138905
2-s2.0-79958137289
2-s2.0-79958012675
2-s2.0-79958001841
2-s2.0-79957971399
2-s2.0-79957969456
2-s2.0-79957784836
2-s2.0-79957705726
2-s2.0-79957622468
2-s2.0-79957589775
2-s2.0-79955581944
2-s2.0-79955040168
2-s2.0-79960002687
2-s2.0-84863296681
2-s2.0-80051618116
2-s2.0-79955100488
2-s2.0-79959934127
2-s2.0-79959931633
2-s2.0-79956078109
2-s2.0-79955691121
2-s2.0-79955689238
2-s2.0-79955132159
2-s2.0-79956140189
2-s2.0-79956112866
2-s2.0-79956100408
2-s2.0-79957992701
2-s2.0-79955057139
2-s2.0-79954623569
2-s2.0-79954618949
2-s2.0-79954611489
2-s2.0-79955903972
2-s2.0-79955891197
2-s2.0-79955745276
2-s2.0-79955737773
2-s2.0-79957608605
2-s2.0-79955674801
2-s2.0-79955660652
2-s2.0-79959679326
2-s2.0-79954608617
2-s2.0-79955562112
2-s2.0-79953273221
2-s2.0-79955545799
2-s2.0-79955533003
2-s2.0-79955532729
2-s2.0-79955525837
2-s2.0-84952646898
2-s2.0-79958833139
2-s2.0-79957440090
2-s2.0-79955392498
2-s2.0-84863066056
2-s2.0-84863022592
2-s2.0-84863011196
2-s2.0-79959504404
2-s2.0-79959495410
2-s2.0-79958220314
2-s2.0-79957523581
2-s2.0-79956110720
2-s2.0-79955873807
2-s2.0-79955709157
2-s2.0-79955661360
2-s2.0-79955537988
2-s2.0-79955415122
2-s2.0-79955161600
2-s2.0-79955154479
2-s2.0-79955142028
2-s2.0-79954592625
2-s2.0-79953669857
2-s2.0-79952488234
2-s2.0-79952487760
2-s2.0-79952486661
2-s2.0-79952483914
2-s2.0-79951949285
2-s2.0-79951683193
2-s2.0-79955164869
2-s2.0-79955161148
2-s2.0-79955154883
2-s2.0-79955132567
2-s2.0-79955132150
2-s2.0-79954450852
2-s2.0-79955417265
2-s2.0-79955379979
2-s2.0-79955372344
2-s2.0-84887553034
2-s2.0-84862832853
2-s2.0-79954425437
2-s2.0-79955454094
2-s2.0-79955147287
2-s2.0-79955074235
2-s2.0-79955073544
2-s2.0-79955062152
2-s2.0-79953321782
2-s2.0-79952737787
2-s2.0-79952690009
2-s2.0-79953213365
2-s2.0-79954440451
2-s2.0-79955390921
2-s2.0-79955390920
2-s2.0-79953860226
2-s2.0-79955727920
2-s2.0-79955725987
2-s2.0-79952679796
2-s2.0-79952536758
2-s2.0-79953731364
2-s2.0-79953792789
2-s2.0-79953774411
2-s2.0-79953750855
2-s2.0-79953724066
2-s2.0-79953719696
2-s2.0-79953716558
2-s2.0-79953712928
2-s2.0-79953699061
2-s2.0-79953777587
2-s2.0-79952757670
2-s2.0-79957630333
2-s2.0-79955052697
2-s2.0-79954543702
2-s2.0-79953232045
2-s2.0-79953227724
2-s2.0-79953206625
2-s2.0-79953182343
2-s2.0-79953174952
2-s2.0-79953168427
2-s2.0-79960667172
2-s2.0-79955438618
2-s2.0-79955368248
2-s2.0-79955157468
2-s2.0-79954609861
2-s2.0-79954461452
2-s2.0-79953748689
2-s2.0-79953743352
2-s2.0-79953724050
2-s2.0-79953705954
2-s2.0-79953701383
2-s2.0-79953173257
2-s2.0-79953064474
2-s2.0-79953036299
2-s2.0-79953035941
2-s2.0-79952534115
2-s2.0-79952361288
2-s2.0-79951957364
2-s2.0-79751538664
2-s2.0-79751530285
2-s2.0-79751525494
2-s2.0-79751524891
2-s2.0-79751524630
2-s2.0-79751524419
2-s2.0-78751591245
2-s2.0-79952739769
2-s2.0-79952735910
2-s2.0-79952735058
2-s2.0-79952734651
2-s2.0-79953003772
2-s2.0-79952610109
2-s2.0-79961068166
2-s2.0-79952833765
2-s2.0-79952843847
2-s2.0-79952958298
2-s2.0-79952819892
2-s2.0-79953899273
2-s2.0-79952643151
2-s2.0-79952796897
2-s2.0-79953227425
2-s2.0-79952517073
2-s2.0-79952510907
2-s2.0-79952502370
2-s2.0-79952501995
2-s2.0-79952494917
2-s2.0-79952492681
2-s2.0-79953660888
2-s2.0-79951677947
2-s2.0-78751610188
2-s2.0-79954491324
2-s2.0-79952957105
2-s2.0-79952478553
2-s2.0-79952305890
2-s2.0-79952613215
2-s2.0-79952609988
2-s2.0-79952660843
2-s2.0-79952651989
2-s2.0-79751509461
2-s2.0-79959352975
2-s2.0-79956157043
2-s2.0-79955581602
2-s2.0-79955422293
2-s2.0-79952998514
2-s2.0-79952774772
2-s2.0-79952742816
2-s2.0-79952663269
2-s2.0-79952388661
2-s2.0-79952316245
2-s2.0-79952312122
2-s2.0-79952203586
2-s2.0-79952188019
2-s2.0-79951998316
2-s2.0-79951996830
2-s2.0-79951974143
2-s2.0-79951969795
2-s2.0-79951966665
2-s2.0-79951962803
2-s2.0-79951943232
2-s2.0-79951920897
2-s2.0-79551630373
2-s2.0-79551521072
2-s2.0-78650740099
2-s2.0-79952426671
2-s2.0-79951920880
2-s2.0-79551686586
2-s2.0-79251592862
2-s2.0-84855609774
2-s2.0-79951911096
2-s2.0-79951656482
2-s2.0-79951602731
2-s2.0-79951537763
2-s2.0-78951491594
2-s2.0-78951489874
2-s2.0-78951471410
2-s2.0-78650926988
2-s2.0-78649981792
2-s2.0-79851498884
2-s2.0-79551654826
2-s2.0-79551613727
2-s2.0-79551602492
2-s2.0-79551594756
2-s2.0-79551588775
2-s2.0-79551586227
2-s2.0-79952975902
2-s2.0-79951790416
2-s2.0-84863012223
2-s2.0-79952788825
2-s2.0-79952184543
2-s2.0-79951884304
2-s2.0-79951490620
2-s2.0-79551702369
2-s2.0-79551626625
2-s2.0-79151486395
2-s2.0-78651360283
2-s2.0-78751647203
2-s2.0-78951494731
2-s2.0-78951478244
2-s2.0-78951478114
2-s2.0-79953018836
2-s2.0-78751561498
2-s2.0-78751517370
2-s2.0-78751502357
2-s2.0-78650221679
2-s2.0-78751551054
2-s2.0-78751542853
2-s2.0-79251566140
2-s2.0-78650706323
2-s2.0-78650443592
2-s2.0-79551679906
2-s2.0-79551661539
2-s2.0-79551654686
2-s2.0-78650886623
2-s2.0-78651315882
2-s2.0-78649875016
2-s2.0-78650755669
2-s2.0-78650752011
2-s2.0-78650750576
2-s2.0-78650749501
2-s2.0-78650749275
2-s2.0-78650730754
2-s2.0-78650724589
2-s2.0-78650723200
2-s2.0-78650720811
2-s2.0-78650697488
2-s2.0-78650681353
2-s2.0-85186226381
2-s2.0-85087599287
2-s2.0-85086494349
2-s2.0-85054884593
2-s2.0-85054883943
2-s2.0-85054860700
2-s2.0-85054770050
2-s2.0-85054518707
2-s2.0-85054483380
2-s2.0-85027957575
2-s2.0-85027957530
2-s2.0-84952784534
2-s2.0-84905950002
2-s2.0-84905936695
2-s2.0-84905935799
2-s2.0-84905933744
2-s2.0-84905929381
2-s2.0-84883166165
2-s2.0-84872443381
2-s2.0-84869187131
2-s2.0-84868661660
2-s2.0-84868582313
2-s2.0-84866772653
2-s2.0-84863376178
2-s2.0-84863181083
2-s2.0-84863179465
2-s2.0-84863170408
2-s2.0-84863166604
2-s2.0-84863164018
2-s2.0-84863161219
2-s2.0-84863149115
2-s2.0-84863148269
2-s2.0-84863145217
2-s2.0-84863134346
2-s2.0-84863133714
2-s2.0-84863126964
2-s2.0-84863123503
2-s2.0-84863118994
2-s2.0-84863012378
2-s2.0-84862909262
2-s2.0-84861405303
2-s2.0-84860808518
2-s2.0-84860805852
2-s2.0-84858680413
2-s2.0-84858636641
2-s2.0-84857350589
2-s2.0-84857345688
2-s2.0-84857344468
2-s2.0-84857341801
2-s2.0-84857341261
2-s2.0-84857336984
2-s2.0-84857335362
2-s2.0-84857334877
2-s2.0-84857334799
2-s2.0-84857331013
2-s2.0-84857328544
2-s2.0-84857327022
2-s2.0-84857326540
2-s2.0-84857317710
2-s2.0-84857315305
2-s2.0-84857312958
2-s2.0-84857309385
2-s2.0-84857301474
2-s2.0-84857299979
2-s2.0-84857293391
2-s2.0-84857287551
2-s2.0-84857282329
2-s2.0-84857274796
2-s2.0-84857267272
2-s2.0-84857266824
2-s2.0-84857266659
2-s2.0-84857264822
2-s2.0-84857261598
2-s2.0-84857260684
2-s2.0-84857254706
2-s2.0-84857248678
2-s2.0-84857247415
2-s2.0-84857246706
2-s2.0-84856935271
2-s2.0-84856890533
2-s2.0-84856878291
2-s2.0-84855613170
2-s2.0-84855594290
2-s2.0-84255190044
2-s2.0-84255184034
2-s2.0-84255183915
2-s2.0-83455260067
2-s2.0-82155173301
2-s2.0-82155162852
2-s2.0-82055203185
2-s2.0-82055169259
2-s2.0-81855203341
2-s2.0-80055081695
2-s2.0-80054041549
2-s2.0-80053639154
2-s2.0-80053545290
2-s2.0-80053527562
2-s2.0-80053489423
2-s2.0-80053259903
2-s2.0-80052964427
2-s2.0-80052561622
2-s2.0-80052115284
2-s2.0-80052113494
2-s2.0-80052099629
2-s2.0-80052096838
2-s2.0-80052094160
2-s2.0-80052090543
2-s2.0-80052084033
2-s2.0-80052082082
2-s2.0-80051914522
2-s2.0-80051880188
2-s2.0-80051870744
2-s2.0-80051480562
2-s2.0-79961089498
2-s2.0-79961040588
2-s2.0-79960902374
2-s2.0-79960884953
2-s2.0-79960878384
2-s2.0-79960874120
2-s2.0-79960867596
2-s2.0-79960850808
2-s2.0-79960825272
2-s2.0-79960814917
2-s2.0-79960767388
2-s2.0-79960679123
2-s2.0-79960508552
2-s2.0-79960272757
2-s2.0-79959842767
2-s2.0-79959666572
2-s2.0-79959609903
2-s2.0-79959495747
2-s2.0-79958114204
2-s2.0-79957607519
2-s2.0-79955803938
2-s2.0-79955671759
2-s2.0-79955636205
2-s2.0-79955504024
2-s2.0-79955104024
2-s2.0-79955053913
2-s2.0-79954515491
2-s2.0-79954512644
2-s2.0-79954510418
2-s2.0-79954482180
2-s2.0-79954461560
2-s2.0-79953177822
2-s2.0-79952706990
2-s2.0-79952580406
2-s2.0-79952571698
2-s2.0-79952419881
2-s2.0-79951774643
2-s2.0-79951768579
2-s2.0-79551661584
2-s2.0-79551645117
2-s2.0-79551636522
2-s2.0-79551632246
2-s2.0-79551627406
2-s2.0-79551626062
2-s2.0-79551623990
2-s2.0-79551622490
2-s2.0-79551621425
2-s2.0-79551620600
2-s2.0-79551620191
2-s2.0-79551606186
2-s2.0-78651549831
2-s2.0-78651500481
2-s2.0-78650994161
2-s2.0-78650969840
2-s2.0-78650830679
2-s2.0-78650608110
2-s2.0-78650461644
2-s2.0-78149231433
2-s2.0-78650500888
2-s2.0-78650443227
2-s2.0-78649693008
2-s2.0-78649943729
2-s2.0-79151475728
2-s2.0-78650162457
2-s2.0-78650580946
2-s2.0-78650408189
2-s2.0-78650161490
2-s2.0-78650136492
2-s2.0-78650125606
2-s2.0-78650120256
2-s2.0-78650114153
2-s2.0-78650114067
2-s2.0-78650105044
2-s2.0-78650087746
2-s2.0-78650080850
2-s2.0-78650263634
2-s2.0-78650295281
2-s2.0-78650906750
2-s2.0-78650893069
2-s2.0-78649974917
2-s2.0-78649442922
2-s2.0-78651308150
2-s2.0-78650391199
2-s2.0-78650113522
2-s2.0-78649759736
2-s2.0-78649751000
2-s2.0-78650248741
2-s2.0-78650237416
2-s2.0-78649910006
2-s2.0-78649545953
2-s2.0-78650090911
2-s2.0-78649467344
2-s2.0-78649457156
2-s2.0-84896767109
2-s2.0-84892280516
2-s2.0-84892236649
2-s2.0-84887331048
2-s2.0-84882889090
2-s2.0-84873594242
2-s2.0-84865491656
2-s2.0-80053298574
2-s2.0-80052112780
2-s2.0-79960587335
2-s2.0-79960002086
2-s2.0-79959991379
2-s2.0-79959445823
2-s2.0-79959377710
2-s2.0-79957663862
2-s2.0-79956329474
2-s2.0-79956317120
2-s2.0-79956156883
2-s2.0-79956100431
2-s2.0-79955948350
2-s2.0-79953748188
2-s2.0-79953740917
2-s2.0-79953113089
2-s2.0-79953111872
2-s2.0-79952751638
2-s2.0-79952683288
2-s2.0-79952398649
2-s2.0-79952389469
2-s2.0-79951937609
2-s2.0-79951845431
2-s2.0-79951829326
2-s2.0-79951823770
2-s2.0-79951745046
2-s2.0-79951541824
2-s2.0-79951539533
2-s2.0-79951535894
2-s2.0-79951503942
2-s2.0-79951502000
2-s2.0-79951497942
2-s2.0-79951493719
2-s2.0-79251492710
2-s2.0-78751564997
2-s2.0-78751560134
2-s2.0-78751550697
2-s2.0-78751548621
2-s2.0-78751507916
2-s2.0-78751473308
2-s2.0-78651455337
2-s2.0-78651413419
2-s2.0-78650866724
2-s2.0-78650395488
2-s2.0-78650003600
2-s2.0-78649878395
2-s2.0-78649834544
2-s2.0-78649805040
2-s2.0-78649716159
2-s2.0-78649447784
2-s2.0-77957660884
2-s2.0-78650645436
2-s2.0-78649290733
2-s2.0-78649236990
2-s2.0-78049413945
2-s2.0-78650093240
2-s2.0-78649693182
2-s2.0-78649850008
2-s2.0-78449308320
2-s2.0-78449305368
2-s2.0-78449275474
2-s2.0-78449269669
2-s2.0-78649335282
2-s2.0-78049416010
2-s2.0-78149462485
2-s2.0-78651576673
2-s2.0-78649274900
2-s2.0-77956613266
2-s2.0-77956608523
2-s2.0-78149250476
2-s2.0-78249239191
2-s2.0-78049353621
2-s2.0-77957918632
2-s2.0-78049333341
2-s2.0-78650385751
2-s2.0-78650325231
2-s2.0-78049264438
2-s2.0-79551650153
2-s2.0-78649962863
2-s2.0-78649265046
2-s2.0-78349290028
2-s2.0-78249245724
2-s2.0-78149442622
2-s2.0-78049419650
2-s2.0-78049318898
2-s2.0-77958603421
2-s2.0-77958576261
2-s2.0-77958560731
2-s2.0-77958529637
2-s2.0-77958502152
2-s2.0-77958492994
2-s2.0-77958450114
2-s2.0-77955661591
2-s2.0-77955510311
2-s2.0-77958573548
2-s2.0-77958470644
2-s2.0-77958457628
2-s2.0-77957713379
2-s2.0-77957709532
2-s2.0-77957706781
2-s2.0-77957706011
2-s2.0-77957697519
2-s2.0-77958081984
2-s2.0-78149440958
2-s2.0-77958017557
2-s2.0-77958015654
2-s2.0-78049314956
2-s2.0-77958021463
2-s2.0-77957995852
2-s2.0-77957988441
2-s2.0-77957669541
2-s2.0-77957928353
2-s2.0-77957917305
2-s2.0-77957908716
2-s2.0-77957907323
2-s2.0-77958504776
2-s2.0-77958496563
2-s2.0-77958487280
2-s2.0-77958485543
2-s2.0-77957852195
2-s2.0-77957844962
2-s2.0-77957844120
2-s2.0-77957833076
2-s2.0-77957832589
2-s2.0-78149448634
2-s2.0-78149368461
2-s2.0-77957799262
2-s2.0-77957789651
2-s2.0-77957779918
2-s2.0-77955514299
2-s2.0-77956900896
2-s2.0-77957712125
2-s2.0-77957700507
2-s2.0-77958107714
2-s2.0-77958086741
2-s2.0-77957581152
2-s2.0-77957573827
2-s2.0-77957560359
2-s2.0-77958550312
2-s2.0-77957602419
2-s2.0-77958041409
2-s2.0-78650875683
2-s2.0-78650465768
2-s2.0-78649949965
2-s2.0-78449289486
2-s2.0-78449235159
2-s2.0-77958171690
2-s2.0-77958106236
2-s2.0-77957569442
2-s2.0-77957372020
2-s2.0-77957159656
2-s2.0-77956885295
2-s2.0-77956648099
2-s2.0-77955430981
2-s2.0-77955418693
2-s2.0-77955413299
2-s2.0-77956229495
2-s2.0-78149464171
2-s2.0-78149430850
2-s2.0-77957071214
2-s2.0-77957685529
2-s2.0-77958540768
2-s2.0-77957751033
2-s2.0-77957193960
2-s2.0-77957190518
2-s2.0-79151478221
2-s2.0-77957074484
2-s2.0-77956606409
2-s2.0-77957156573
2-s2.0-77957727081
2-s2.0-77956441839
2-s2.0-77955429975
2-s2.0-77956397995
2-s2.0-77956395999
2-s2.0-77957559084
2-s2.0-77956315822
2-s2.0-78650806878
2-s2.0-79957797025
2-s2.0-77957968445
2-s2.0-77956213102
2-s2.0-77956202597
2-s2.0-77956198125
2-s2.0-77956194806
2-s2.0-79651474127
2-s2.0-78649456528
2-s2.0-78049326599
2-s2.0-77957129770
2-s2.0-77956424679
2-s2.0-77956420430
2-s2.0-77956416221
2-s2.0-77956404019
2-s2.0-77956171624
2-s2.0-77956061863
2-s2.0-77956060673
2-s2.0-77956057890
2-s2.0-77955471945
2-s2.0-77955948477
2-s2.0-77955943902
2-s2.0-77955826799
2-s2.0-77955782244
2-s2.0-84858330333
2-s2.0-77957685969
2-s2.0-77957684981
2-s2.0-78650160147
2-s2.0-77955753971
2-s2.0-77955720046
2-s2.0-77955703131
2-s2.0-77955679881
2-s2.0-77956220991
2-s2.0-77956145713
2-s2.0-77955457968
2-s2.0-77956336658
2-s2.0-77956309587
2-s2.0-77955580114
2-s2.0-77955578755
2-s2.0-77955425078
2-s2.0-77955264741
2-s2.0-77955235342
2-s2.0-77954647107
2-s2.0-77954635668
2-s2.0-77955470279
2-s2.0-77955102634
2-s2.0-77955027206
2-s2.0-77955046097
2-s2.0-77955024798
2-s2.0-77955733860
2-s2.0-77958107585
2-s2.0-77958093130
2-s2.0-77957937632
2-s2.0-77957887760
2-s2.0-77957552530
2-s2.0-77957112411
2-s2.0-77955873341
2-s2.0-77955852098
2-s2.0-77955691552
2-s2.0-77955160100
2-s2.0-77955137891
2-s2.0-77953706721
2-s2.0-77953293936
2-s2.0-77953140100
2-s2.0-77950300474
2-s2.0-78649846453
2-s2.0-77955653137
2-s2.0-77955652995
2-s2.0-77954934297
2-s2.0-79151484846
2-s2.0-77955528607
2-s2.0-77955754972
2-s2.0-77955746511
2-s2.0-77955734426
2-s2.0-77954756665
2-s2.0-77954720380
2-s2.0-77954691042
2-s2.0-77955678429
2-s2.0-77955282375
2-s2.0-77953711053
2-s2.0-77953128648
2-s2.0-77954393943
2-s2.0-77954347445
2-s2.0-77954343769
2-s2.0-77954334694
2-s2.0-77954317440
2-s2.0-77953131349
2-s2.0-77955451234
2-s2.0-77954146866
2-s2.0-78649345165
2-s2.0-77956520668
2-s2.0-77955662064
2-s2.0-77955604253
2-s2.0-77955230550
2-s2.0-77954613600
2-s2.0-77954607425
2-s2.0-77954606207
2-s2.0-77954590235
2-s2.0-77954489462
2-s2.0-77954183832
2-s2.0-77954144265
2-s2.0-77954121960
2-s2.0-77953985316
2-s2.0-77953293552
2-s2.0-77953023420
2-s2.0-77955661999
2-s2.0-77955654333
2-s2.0-77954089617
2-s2.0-77953903470
2-s2.0-77953766333
2-s2.0-77958488947
2-s2.0-77955477836
2-s2.0-77953631665
2-s2.0-77954050779
2-s2.0-77953954706
2-s2.0-77953598628
2-s2.0-77953579958
2-s2.0-77953574906
2-s2.0-77953550581
2-s2.0-77953939894
2-s2.0-77953527376
2-s2.0-77953488967
2-s2.0-77953445247
2-s2.0-79955648158
2-s2.0-77954201144
2-s2.0-77954179678
2-s2.0-76349104588
2-s2.0-77953743244
2-s2.0-77953730270
2-s2.0-77953528742
2-s2.0-77953171204
2-s2.0-77953154712
2-s2.0-77953320762
2-s2.0-77953132545
2-s2.0-77953119485
2-s2.0-77953032669
2-s2.0-77952971224
2-s2.0-77953141144
2-s2.0-77952903324
2-s2.0-77953134343
2-s2.0-77953014672
2-s2.0-77952999266
2-s2.0-77952797697
2-s2.0-79952355609
2-s2.0-79952324717
2-s2.0-77956389723
2-s2.0-77955685390
2-s2.0-77955644916
2-s2.0-77955608817
2-s2.0-77955603938
2-s2.0-77955596374
2-s2.0-77955232208
2-s2.0-77954544211
2-s2.0-77954359279
2-s2.0-77954276712
2-s2.0-77954247557
2-s2.0-77954160478
2-s2.0-77954018744
2-s2.0-77953641197
2-s2.0-77953637930
2-s2.0-77953500838
2-s2.0-77953491798
2-s2.0-77953325289
2-s2.0-77952775777
2-s2.0-77952775773
2-s2.0-77952770795
2-s2.0-77952766221
2-s2.0-77952760104
2-s2.0-77952754493
2-s2.0-77952341423
2-s2.0-77951892848
2-s2.0-77950917513
2-s2.0-77950916988
2-s2.0-77950916477
2-s2.0-77953165551
2-s2.0-77953153284
2-s2.0-77952943376
2-s2.0-77952525210
2-s2.0-77952498157
2-s2.0-77952476236
2-s2.0-78651579013
2-s2.0-77952415982
2-s2.0-77952361153
2-s2.0-77952359657
2-s2.0-77952328871
2-s2.0-77952709607
2-s2.0-77953000222
2-s2.0-77953018514
2-s2.0-77953003173
2-s2.0-77953004956
2-s2.0-77951299108
2-s2.0-77952018381
2-s2.0-77952375703
2-s2.0-77951972779
2-s2.0-77951808232
2-s2.0-77951208569
2-s2.0-77951764584
2-s2.0-77951764481
2-s2.0-77951715345
2-s2.0-77951708709
2-s2.0-77951886455
2-s2.0-77951674146
2-s2.0-77951663913
2-s2.0-77951662943
2-s2.0-77951658577
2-s2.0-77951656216
2-s2.0-77951655489
2-s2.0-77951683045
2-s2.0-77951571897
2-s2.0-77951530540
2-s2.0-77954623807
2-s2.0-77953497183
2-s2.0-77953223457
2-s2.0-77953169466
2-s2.0-77953131012
2-s2.0-77953128347
2-s2.0-77952012049
2-s2.0-77950370517
2-s2.0-76949095641
2-s2.0-77951468407
2-s2.0-77950060014
2-s2.0-77951801404
2-s2.0-77951213078
2-s2.0-77951250075
2-s2.0-77951198084
2-s2.0-77951190758
2-s2.0-77951186458
2-s2.0-77951176435
2-s2.0-77951210012
2-s2.0-77951105299
2-s2.0-77950954489
2-s2.0-77950932106
2-s2.0-77951820321
2-s2.0-77950660094
2-s2.0-77950520382
2-s2.0-77649233142
2-s2.0-77950576768
2-s2.0-77950576097
2-s2.0-77950561190
2-s2.0-77951612123
2-s2.0-77950483011
2-s2.0-77950479720
2-s2.0-84880080204
2-s2.0-77950240505
2-s2.0-77950821289
2-s2.0-77950818368
2-s2.0-77949294216
2-s2.0-77949490035
2-s2.0-77649212346
2-s2.0-80053252780
2-s2.0-77954801089
2-s2.0-77953826016
2-s2.0-77953252728
2-s2.0-77952736363
2-s2.0-77952721199
2-s2.0-77952707634
2-s2.0-77952706579
2-s2.0-77952689857
2-s2.0-77952340531
2-s2.0-77951587543
2-s2.0-77951575617
2-s2.0-77950296581
2-s2.0-77950296050
2-s2.0-77950102777
2-s2.0-77950086911
2-s2.0-77950085717
2-s2.0-77950071500
2-s2.0-77949581485
2-s2.0-77949578167
2-s2.0-77649237217
2-s2.0-77349088751
2-s2.0-77950229150
2-s2.0-77949770418
2-s2.0-77949761578
2-s2.0-77949760307
2-s2.0-77949736209
2-s2.0-77949730396
2-s2.0-77949711219
2-s2.0-77949705894
2-s2.0-77949700556
2-s2.0-77949664067
2-s2.0-77949662870
2-s2.0-77949538001
2-s2.0-77949456784
2-s2.0-77956413575
2-s2.0-77954838452
2-s2.0-76349094910
2-s2.0-77749297935
2-s2.0-77749264624
2-s2.0-77949787203
2-s2.0-77349115766
2-s2.0-77951767401
2-s2.0-77951430866
2-s2.0-77950405797
2-s2.0-77949570666
2-s2.0-77949570509
2-s2.0-77949567309
2-s2.0-77949425892
2-s2.0-77949273401
2-s2.0-77249175437
2-s2.0-77249145376
2-s2.0-76649126379
2-s2.0-76049111848
2-s2.0-76049092858
2-s2.0-74849090358
2-s2.0-74649086900
2-s2.0-74449089006
2-s2.0-74449088069
2-s2.0-74449084846
2-s2.0-77149151611
2-s2.0-76049092340
2-s2.0-77649102832
2-s2.0-77957951107
2-s2.0-77952315861
2-s2.0-77952307988
2-s2.0-76949104317
2-s2.0-77649168732
2-s2.0-77649128607
2-s2.0-77649101465
2-s2.0-77049107645
2-s2.0-76649143736
2-s2.0-76449109599
2-s2.0-76449099281
2-s2.0-74849087290
2-s2.0-77149120795
2-s2.0-76349118593
2-s2.0-77955179962
2-s2.0-77249108388
2-s2.0-76849117501
2-s2.0-75749084110
2-s2.0-75649148190
2-s2.0-75249101870
2-s2.0-75249097947
2-s2.0-77954960611
2-s2.0-77949734656
2-s2.0-77949722095
2-s2.0-77649238688
2-s2.0-76749094645
2-s2.0-76349107815
2-s2.0-76049121034
2-s2.0-75749140059
2-s2.0-74249104392
2-s2.0-74149093415
2-s2.0-72149120289
2-s2.0-70450237689
2-s2.0-78649898787
2-s2.0-78649892516
2-s2.0-74949129997
2-s2.0-74949128392
2-s2.0-74949122529
2-s2.0-74849138656
2-s2.0-74849085437
2-s2.0-75249107439
2-s2.0-75249107159
2-s2.0-74549179277
2-s2.0-71049170431
2-s2.0-77349085345
2-s2.0-74249122418
2-s2.0-74249120812
2-s2.0-74249113901
2-s2.0-74249122465
2-s2.0-84883326133
2-s2.0-77954857515
2-s2.0-77954855074
2-s2.0-73849140446
2-s2.0-73849118524
2-s2.0-73849108095
2-s2.0-75149185428
2-s2.0-75149130898
2-s2.0-75649140552
2-s2.0-74849103290
2-s2.0-74949135904
2-s2.0-73349091558
2-s2.0-85060688546
2-s2.0-85013989735
2-s2.0-84975817054
2-s2.0-84919692126
2-s2.0-84911439216
2-s2.0-84892310800
2-s2.0-84883191273
2-s2.0-84863393054
2-s2.0-84863337080
2-s2.0-84863179145
2-s2.0-84863137771
2-s2.0-84863116198
2-s2.0-84859921175
2-s2.0-84859905196
2-s2.0-84857391668
2-s2.0-80455150383
2-s2.0-80051722792
2-s2.0-79958058575
2-s2.0-79952683339
2-s2.0-79952683320
2-s2.0-79952681694
2-s2.0-79952681094
2-s2.0-79952680758
2-s2.0-79952680452
2-s2.0-79952677385
2-s2.0-79952675458
2-s2.0-79952674705
2-s2.0-79952667719
2-s2.0-79952665807
2-s2.0-79952658982
2-s2.0-79952647907
2-s2.0-79952641538
2-s2.0-79952641188
2-s2.0-79952639887
2-s2.0-79952634899
2-s2.0-79952634691
2-s2.0-79952571001
2-s2.0-79952570334
2-s2.0-79952570191
2-s2.0-79952569316
2-s2.0-79952568960
2-s2.0-79952568391
2-s2.0-79952568079
2-s2.0-79952566345
2-s2.0-79952565450
2-s2.0-79952564605
2-s2.0-79952564604
2-s2.0-79952564602
2-s2.0-79952563834
2-s2.0-79952563668
2-s2.0-79952563313
2-s2.0-79952562988
2-s2.0-79952562481
2-s2.0-79952562480
2-s2.0-79952562114
2-s2.0-79952561931
2-s2.0-79952561427
2-s2.0-79952561425
2-s2.0-79952561080
2-s2.0-79952560429
2-s2.0-79952559578
2-s2.0-79952558541
2-s2.0-79952558363
2-s2.0-79952557208
2-s2.0-79952555973
2-s2.0-79952555972
2-s2.0-79952555474
2-s2.0-79952554061
2-s2.0-79952553517
2-s2.0-79952552464
2-s2.0-79952548577
2-s2.0-79952548400
2-s2.0-79952547672
2-s2.0-79952547520
2-s2.0-79952546102
2-s2.0-79952545485
2-s2.0-79952543537
2-s2.0-79952543362
2-s2.0-79952542673
2-s2.0-79952542297
2-s2.0-79952542126
2-s2.0-79952541954
2-s2.0-79952514552
2-s2.0-79952511613
2-s2.0-79952508391
2-s2.0-79952506863
2-s2.0-79952435656
2-s2.0-79952413325
2-s2.0-79952393247
2-s2.0-79952377439
2-s2.0-79951964390
2-s2.0-79951929900
2-s2.0-79951621646
2-s2.0-79551680110
2-s2.0-79551618438
2-s2.0-78650967670
2-s2.0-78650744300
2-s2.0-78650625062
2-s2.0-78650623064
2-s2.0-78650603964
2-s2.0-78650602810
2-s2.0-78650577992
2-s2.0-78650574452
2-s2.0-78650569454
2-s2.0-78650568440
2-s2.0-78650562902
2-s2.0-78650555589
2-s2.0-78650545640
2-s2.0-78650530639
2-s2.0-78650526930
2-s2.0-78650452962
2-s2.0-78650385236
2-s2.0-78650156213
2-s2.0-78650099683
2-s2.0-78650096167
2-s2.0-78650086691
2-s2.0-78649488583
2-s2.0-78649477683
2-s2.0-78649268694
2-s2.0-78149291005
2-s2.0-77957703269
2-s2.0-77957278570
2-s2.0-77957234556
2-s2.0-77956911869
2-s2.0-77956758367
2-s2.0-77956000065
2-s2.0-77955504332
2-s2.0-77955443689
2-s2.0-77955324988
2-s2.0-77955227264
2-s2.0-77955056810
2-s2.0-77954979128
2-s2.0-77954800026
2-s2.0-77952992110
2-s2.0-77951859099
2-s2.0-77951547331
2-s2.0-77950845329
2-s2.0-77950550826
2-s2.0-77950489086
2-s2.0-77949809984
2-s2.0-77949438833
2-s2.0-77649341022
2-s2.0-77649216843
2-s2.0-77649213116
2-s2.0-76449114553
2-s2.0-75049084221
2-s2.0-74349118901
2-s2.0-73649147380
2-s2.0-73649128560
2-s2.0-73649102774
2-s2.0-73549107687
2-s2.0-72249116108
2-s2.0-72249107552
2-s2.0-72249107106
2-s2.0-72249105793
2-s2.0-72249090433
2-s2.0-72249088616
2-s2.0-72249083950
2-s2.0-71649086924
2-s2.0-71549146017
2-s2.0-69249202495
